60.60 9.0000e-06
58.60 9.0000e-06
56.50 1.5000e-05
54.40 2.8000e-05
52.20 5.2000e-05
50.00 1.0340e-05
47.70 2.1150e-04
45.50 4.4240e-04
43.30 9.1800e-04
41.10 1.7930e-03
39.00 3.1200e-03
36.90 4.5620e-03
34.80 5.5540e-03
32.80 5.7670e-03
30.90 5.1500e-03
29.00 4.0140e-03
27.10 2.7200e-03
25.20 1.7090e-03
23.40 1.0170e-03
21.50 5.5400e-04
19.70 1.9260e-04
17.90 5.2600e-05
16.10 2.7100e-05
14.40 1.8000e-05
12.50 1.2190e-05
10.70 1.0000e-10
10.0 8.003e-16
9.9 9.454e-16
9.8 1.117e-15
9.7 1.319e-15
9.6 1.559e-15
9.5 1.841e-15
9.4 2.175e-15
9.3 2.570e-15
9.2 3.036e-15
9.1 3.587e-15
9.0 4.237e-15
8.9 5.006e-15
8.8 5.913e-15
8.7 6.986e-15
8.6 8.253e-15
8.5 9.750e-15
8.4 1.152e-14
8.3 1.361e-14
8.2 1.607e-14
8.1 1.899e-14
8.0 2.243e-14
7.9 2.650e-14
7.8 3.131e-14
7.7 3.699e-14
7.6 4.369e-14
7.5 5.162e-14
7.4 6.098e-14
7.3 7.204e-14
7.2 8.510e-14
7.1 1.005e-13
7.0 1.188e-13
6.9 1.403e-13
6.8 1.658e-13
6.7 1.958e-13
6.6 2.313e-13
6.5 2.733e-13
6.4 3.229e-13
6.3 3.814e-13
6.2 4.506e-13
6.1 5.323e-13
6.0 6.288e-13
5.9 7.429e-13
5.8 8.776e-13
5.7 1.037e-12
5.6 1.225e-12
5.5 1.447e-12
5.4 1.709e-12
5.3 2.019e-12
5.2 2.386e-12
5.1 2.818e-12
5.0 3.329e-12
4.9 3.933e-12
4.8 4.647e-12
4.7 5.489e-12
4.6 6.485e-12
4.5 7.661e-12
4.4 9.050e-12
4.3 1.069e-11
4.2 1.263e-11
4.1 1.492e-11
4.0 1.763e-11
3.9 2.082e-11
3.8 2.460e-11
3.7 2.906e-11
3.6 3.433e-11
3.5 4.056e-11
3.4 4.792e-11
3.3 5.661e-11
3.2 6.687e-11
3.1 7.900e-11
3.0 9.333e-11
2.9 1.103e-10
2.8 1.303e-10
2.7 1.539e-10
2.6 1.818e-10
2.5 2.147e-10
2.4 2.537e-10
2.3 2.997e-10
2.2 3.541e-10
2.1 4.183e-10
2.0 4.941e-10
1.9 5.837e-10
1.8 6.896e-10
1.7 8.147e-10
1.6 9.624e-10
1.5 1.137e-09
1.4 1.343e-09
1.3 1.587e-09
1.2 1.875e-09
1.1 2.215e-09
1.0 2.616e-09
0.9 3.091e-09
0.8 3.651e-09
0.7 4.313e-09
0.6 5.096e-09
0.5 6.020e-09
0.4 7.111e-09
0.3 8.401e-09
0.2 9.925e-09
0.1 1.172e-08
0.0 1.385e-08
