 #  SCIATRAN 2.2 (DOM, spherical mode)
 #  Height resolved air mass factors for no2
 #  Spectral range:  440.000 -  440.000
 #  The number of spectral points:    1
 #  The number of altitude levels:  44
    10.000     9.800     9.600     9.400     9.200     9.000     8.800     8.600     8.400     8.200     8.000     7.800     7.600     7.400     7.200     7.000     6.800     6.600     6.400     6.200     6.000     5.800     5.600     5.400     5.200     5.000     4.800     4.600     4.400     4.200     4.000     3.800     3.600     3.400     3.200     3.000     2.800     2.600     2.400     2.200     2.000     1.800     1.600     1.400
 
  440.0000000   0.10977084901170D+01   0.11480022957229D+01   0.12127365323123D+01   0.12951865012425D+01   0.14005866252031D+01   0.15369083418274D+01   0.17165704218715D+01   0.19608912240710D+01
 
  440.0000000   0.11034509370973D+01   0.11540320539732D+01   0.12191119249477D+01   0.13019637616579D+01   0.14078240499307D+01   0.15446682946754D+01   0.17249215602485D+01   0.19699009887267D+01
 
  440.0000000   0.11146268246989D+01   0.11657620059922D+01   0.12315078944071D+01   0.13151327720931D+01   0.14218763410358D+01   0.15597209514350D+01   0.17411023004534D+01   0.19873310692642D+01
 
  440.0000000   0.11252814951861D+01   0.11769354205049D+01   0.12433038916016D+01   0.13276488609054D+01   0.14352116032682D+01   0.15739790065384D+01   0.17563939161560D+01   0.20037531778295D+01
 
  440.0000000   0.11355887299604D+01   0.11877364621506D+01   0.12546967416862D+01   0.13397239623179D+01   0.14480596427056D+01   0.15876933849251D+01   0.17710724590580D+01   0.20194737011370D+01
 
  440.0000000   0.11456861414358D+01   0.11983109266650D+01   0.12658422152406D+01   0.13515257337777D+01   0.14606021576680D+01   0.16010623586592D+01   0.17853559077930D+01   0.20347343655040D+01
 
  440.0000000   0.11556827011276D+01   0.12087742465092D+01   0.12768636206993D+01   0.13631868596690D+01   0.14729828983779D+01   0.16142427366594D+01   0.17994166074543D+01   0.20497262330910D+01
 
  440.0000000   0.11656665228639D+01   0.12192197226742D+01   0.12878605800271D+01   0.13748144721956D+01   0.14853178443790D+01   0.16273609244305D+01   0.18133933589347D+01   0.20646030022931D+01
 
  440.0000000   0.11757116563172D+01   0.12297257032987D+01   0.12989166734138D+01   0.13864983465760D+01   0.14977040420075D+01   0.16405225067233D+01   0.18274018663021D+01   0.20794924618487D+01
 
  440.0000000   0.11858829077452D+01   0.12403607103173D+01   0.13101049426740D+01   0.13983168603557D+01   0.15102261125428D+01   0.16538194187637D+01   0.18415427194666D+01   0.20945054916722D+01
 
  440.0000000   0.11962391655219D+01   0.12511869746737D+01   0.13214916817950D+01   0.14103410881595D+01   0.15229607061073D+01   0.16673348236208D+01   0.18559067741625D+01   0.21097420477155D+01
 
  440.0000000   0.12068381506851D+01   0.12622654889196D+01   0.13331418620961D+01   0.14226406769213D+01   0.15359829185102D+01   0.16811501848033D+01   0.18705830312158D+01   0.21253000568665D+01
 
  440.0000000   0.12177434999833D+01   0.12736634768158D+01   0.13451270681962D+01   0.14352923253587D+01   0.15493753965569D+01   0.16953550900286D+01   0.18856692885834D+01   0.21412870146582D+01
 
  440.0000000   0.12290338495711D+01   0.12854639732865D+01   0.13575356772809D+01   0.14483906607803D+01   0.15632400176187D+01   0.17100598535348D+01   0.19012858117487D+01   0.21578348790646D+01
 
  440.0000000   0.12408141600065D+01   0.12977778166617D+01   0.13704856669998D+01   0.14620620123021D+01   0.15777127989572D+01   0.17254117708476D+01   0.19175932087414D+01   0.21751199123872D+01
 
  440.0000000   0.12532326304707D+01   0.13107615281889D+01   0.13841436567059D+01   0.14764848222211D+01   0.15929859124490D+01   0.17416190116647D+01   0.19348185450576D+01   0.21933914179152D+01
 
  440.0000000   0.12665099870277D+01   0.13246482198468D+01   0.13987576348327D+01   0.14919246318466D+01   0.16093454454197D+01   0.17589917220106D+01   0.19533003987224D+01   0.22130214198557D+01
 
  440.0000000   0.12809888590530D+01   0.13397998066550D+01   0.14147127690016D+01   0.15087939697560D+01   0.16272358688317D+01   0.17780117275060D+01   0.19735647636409D+01   0.22345879326380D+01
 
  440.0000000   0.12972175796829D+01   0.13567956252017D+01   0.14326261691518D+01   0.15277540509770D+01   0.16473694916018D+01   0.17994508292975D+01   0.19964538221396D+01   0.22590161907762D+01
 
  440.0000000   0.13160944178365D+01   0.13765846967865D+01   0.14535086206456D+01   0.15498878095686D+01   0.16709128704161D+01   0.18245729812095D+01   0.20233467530969D+01   0.22878212885209D+01
 
  440.0000000   0.18316169498972D+01   0.18930739157488D+01   0.19711402620617D+01   0.20687974038032D+01   0.21912170223601D+01   0.23463709956365D+01   0.25467160635679D+01   0.28126775807808D+01
 
  440.0000000   0.23350590788982D+01   0.23972973162924D+01   0.24762471097666D+01   0.25748186778139D+01   0.26981202076740D+01   0.28540376095292D+01   0.30548946069410D+01   0.33207194685434D+01
 
  440.0000000   0.23292678366413D+01   0.23920238792523D+01   0.24715194934091D+01   0.25705789581054D+01   0.26942201568898D+01   0.28502000733938D+01   0.30506392559914D+01   0.33150367506858D+01
 
  440.0000000   0.23197412879450D+01   0.23828200032088D+01   0.24626231269132D+01   0.25618897878678D+01   0.26855419778262D+01   0.28411971732142D+01   0.30407549113723D+01   0.33031654899148D+01
 
  440.0000000   0.23072706250318D+01   0.23705238408424D+01   0.24504533597166D+01   0.25497143277328D+01   0.26731286593556D+01   0.28281661427405D+01   0.30264914344579D+01   0.32864910401018D+01
 
  440.0000000   0.22923454445155D+01   0.23556544541668D+01   0.24355651418303D+01   0.25346503002280D+01   0.26576285379373D+01   0.28118153140591D+01   0.30086290273332D+01   0.32658803881442D+01
 
  440.0000000   0.22752591635332D+01   0.23385233767195D+01   0.24182920697452D+01   0.25170579014347D+01   0.26394336385435D+01   0.27925747637613D+01   0.29876435764547D+01   0.32418651806726D+01
 
  440.0000000   0.22561763521669D+01   0.23193059421909D+01   0.23988225830676D+01   0.24971418257279D+01   0.26187685601990D+01   0.27706931710848D+01   0.29638126970951D+01   0.32147584547414D+01
 
  440.0000000   0.22351749634514D+01   0.22980860803127D+01   0.23772480113843D+01   0.24750033782781D+01   0.25957473937972D+01   0.27463000256367D+01   0.29372832083444D+01   0.31847275197973D+01
 
  440.0000000   0.22122737709173D+01   0.22748853938274D+01   0.23535936220126D+01   0.24506734534354D+01   0.25704088132003D+01   0.27194436528790D+01   0.29081141241710D+01   0.31518442811390D+01
 
  440.0000000   0.21874487064280D+01   0.22496804000719D+01   0.23278368501436D+01   0.24241318384099D+01   0.25427367048610D+01   0.26901137728110D+01   0.28763023682579D+01   0.31161154978401D+01
 
  440.0000000   0.21606396462167D+01   0.22224099428514D+01   0.22999160707749D+01   0.23953180584951D+01   0.25126734405801D+01   0.26582567306978D+01   0.28417979614195D+01   0.30774962258602D+01
 
  440.0000000   0.21317424189559D+01   0.21929671536096D+01   0.22697224791132D+01   0.23641222992185D+01   0.24801093399528D+01   0.26237641975567D+01   0.28044949567068D+01   0.30358863621899D+01
 
  440.0000000   0.21005895488995D+01   0.21611793370613D+01   0.22370779279306D+01   0.23303612331528D+01   0.24448570466408D+01   0.25864472286324D+01   0.27642071368232D+01   0.29911094203130D+01
 
  440.0000000   0.20669210460529D+01   0.21267776099879D+01   0.22017029932313D+01   0.22937465360217D+01   0.24066220528351D+01   0.25460081389876D+01   0.27206360880721D+01   0.29428706077731D+01
 
  440.0000000   0.20303340613454D+01   0.20893460753567D+01   0.21631700576824D+01   0.22538413110936D+01   0.23649600785390D+01   0.25019943806540D+01   0.26733135445834D+01   0.28906800889237D+01
 
  440.0000000   0.19902057619789D+01   0.20482436324642D+01   0.21208283390019D+01   0.22099802539897D+01   0.23191838305973D+01   0.24536884318720D+01   0.26214828935239D+01   0.28337378409221D+01
 
  440.0000000   0.19455814442001D+01   0.20024841437683D+01   0.20736657425322D+01   0.21611110710812D+01   0.22681829321905D+01   0.23999046661060D+01   0.25638700738715D+01   0.27706605783873D+01
 
  440.0000000   0.18950754343582D+01   0.19506233204569D+01   0.20201723839680D+01   0.21056278043402D+01   0.22102166383985D+01   0.23387234315392D+01   0.24983274870326D+01   0.26989706073900D+01
 
  440.0000000   0.18370345880584D+01   0.18908818374884D+01   0.19583713561974D+01   0.20413105586923D+01   0.21427628651837D+01   0.22672271951775D+01   0.24213883003904D+01   0.26143098991187D+01
 
  440.0000000   0.17692565654818D+01   0.18207152083766D+01   0.18851576243861D+01   0.19644388426089D+01   0.20613710342770D+01   0.21799402852269D+01   0.23259218899413D+01   0.25066985338555D+01
 
  440.0000000   0.16823910733856D+01   0.17294525834118D+01   0.17880273521794D+01   0.18601527401060D+01   0.19480781284163D+01   0.20546586688388D+01   0.21837211789393D+01   0.23390284580779D+01
 
  440.0000000   0.14944971925795D+01   0.15272391062129D+01   0.15669394527740D+01   0.16149027554125D+01   0.16719511670857D+01   0.17388295858319D+01   0.18162479160289D+01   0.19023736506792D+01
 
  440.0000000   0.13568060105630D+01   0.13781956909453D+01   0.14030170103301D+01   0.14317499068862D+01   0.14641915406472D+01   0.14997565575947D+01   0.15373582892678D+01   0.15720429625265D+01
