 #  SCIATRAN 2.2 (DOM, spherical mode)
 #  Height resolved air mass factors for no2
 #  Spectral range:  440.000 -  440.000
 #  The number of spectral points:    1
 #  The number of altitude levels:  44
    10.000     9.800     9.600     9.400     9.200     9.000     8.800     8.600     8.400     8.200     8.000     7.800     7.600     7.400     7.200     7.000     6.800     6.600     6.400     6.200     6.000     5.800     5.600     5.400     5.200     5.000     4.800     4.600     4.400     4.200     4.000     3.800     3.600     3.400     3.200     3.000     2.800     2.600     2.400     2.200     2.000     1.800     1.600     1.400
 
  440.0000000   0.11087034879947D+01   0.11604901553456D+01   0.12272193215717D+01   0.13126091594950D+01   0.14220784569539D+01   0.15635496591878D+01   0.17488864162465D+01   0.20009205171770D+01
 
  440.0000000   0.11151249141090D+01   0.11671959175850D+01   0.12342585162825D+01   0.13200230307892D+01   0.14299038409834D+01   0.15718197032842D+01   0.17576312915750D+01   0.20101697437863D+01
 
  440.0000000   0.11276190527653D+01   0.11802382615218D+01   0.12479431870981D+01   0.13344281587233D+01   0.14450983592517D+01   0.15878645552532D+01   0.17745804143929D+01   0.20280724349170D+01
 
  440.0000000   0.11395234781445D+01   0.11926557023892D+01   0.12609607187370D+01   0.13481162842397D+01   0.14595176626527D+01   0.16030664979772D+01   0.17906075288481D+01   0.20449565020060D+01
 
  440.0000000   0.11510313542367D+01   0.12046516890751D+01   0.12735268055738D+01   0.13613172916473D+01   0.14734078407073D+01   0.16176900056874D+01   0.18059980058252D+01   0.20611317179698D+01
 
  440.0000000   0.11622951447444D+01   0.12163867776443D+01   0.12858116354574D+01   0.13742125208560D+01   0.14869629596629D+01   0.16319435749053D+01   0.18209767405701D+01   0.20768420980409D+01
 
  440.0000000   0.11734349619986D+01   0.12279874530147D+01   0.12979492798623D+01   0.13869448292539D+01   0.15003359072765D+01   0.16459914752692D+01   0.18357209534764D+01   0.20922799684793D+01
 
  440.0000000   0.11845471533521D+01   0.12395551555278D+01   0.13100472412306D+01   0.13996287403364D+01   0.15136492221702D+01   0.16599653379219D+01   0.18503726159126D+01   0.21075993361739D+01
 
  440.0000000   0.11957117188734D+01   0.12511740733440D+01   0.13221946871505D+01   0.14123591845415D+01   0.15270044054482D+01   0.16739741026866D+01   0.18650491009002D+01   0.21229273289969D+01
 
  440.0000000   0.12069974441073D+01   0.12629165699969D+01   0.13344682328148D+01   0.14252177028520D+01   0.15404886190461D+01   0.16881112961978D+01   0.18798511454977D+01   0.21383729971961D+01
 
  440.0000000   0.12184652216675D+01   0.12748466980170D+01   0.13469356824614D+01   0.14382764561696D+01   0.15541790055066D+01   0.17024597073396D+01   0.18948679318684D+01   0.21540328702396D+01
 
  440.0000000   0.12301727487471D+01   0.12870251730928D+01   0.13596613371355D+01   0.14516039332446D+01   0.15681488717108D+01   0.17170981353406D+01   0.19101845092523D+01   0.21699992137951D+01
 
  440.0000000   0.12421814123377D+01   0.12995166033324D+01   0.13727136452652D+01   0.14652731307478D+01   0.15824764816029D+01   0.17321108136372D+01   0.19258917536873D+01   0.21863704446486D+01
 
  440.0000000   0.12545647272206D+01   0.13123983663000D+01   0.13861746396436D+01   0.14793716042557D+01   0.15972557668228D+01   0.17475988363510D+01   0.19420985945598D+01   0.22032642859673D+01
 
  440.0000000   0.12674182454373D+01   0.13257710813773D+01   0.14001510720384D+01   0.14940132486275D+01   0.16126088108117D+01   0.17636936048483D+01   0.19589470416004D+01   0.22208350772298D+01
 
  440.0000000   0.12808739456552D+01   0.13397737617651D+01   0.14147904046264D+01   0.15093553483404D+01   0.16287042065200D+01   0.17805767391596D+01   0.19766338735592D+01   0.22392974871148D+01
 
  440.0000000   0.12951252083655D+01   0.13546101167799D+01   0.14303086393487D+01   0.15256284390837D+01   0.16457894336015D+01   0.17985152742977D+01   0.19954486078012D+01   0.22589672737893D+01
 
  440.0000000   0.13104685674887D+01   0.13705926940647D+01   0.14470377683358D+01   0.15431874868958D+01   0.16642460467356D+01   0.18179210402576D+01   0.20158371513978D+01   0.22803297333403D+01
 
  440.0000000   0.13273738900888D+01   0.13882171645589D+01   0.14655058537465D+01   0.15625979988347D+01   0.16846819435884D+01   0.18394495684531D+01   0.20385086248170D+01   0.23041564673078D+01
 
  440.0000000   0.13480767275323D+01   0.14098683485593D+01   0.14882872762011D+01   0.15866627624616D+01   0.17101756785755D+01   0.18665172415573D+01   0.20673019755299D+01   0.23348243043006D+01
 
  440.0000000   0.18650940336866D+01   0.19281051482055D+01   0.20079833400792D+01   0.21080224811827D+01   0.22333862651653D+01   0.23917431374868D+01   0.25946683247993D+01   0.28643464411396D+01
 
  440.0000000   0.23661419408929D+01   0.24303811490516D+01   0.25117075591107D+01   0.26133879571049D+01   0.27405312404424D+01   0.29007015290057D+01   0.31052844573990D+01   0.33760624446187D+01
 
  440.0000000   0.23546685895659D+01   0.24198780822327D+01   0.25023183341374D+01   0.26052521663098D+01   0.27337017424823D+01   0.28950553831734D+01   0.31003828928778D+01   0.33708457656750D+01
 
  440.0000000   0.23379478665381D+01   0.24038370886491D+01   0.24870303486765D+01   0.25907960644095D+01   0.27200461147784D+01   0.28819456976364D+01   0.30871702802010D+01   0.33561488389071D+01
 
  440.0000000   0.23174309707280D+01   0.23837988973068D+01   0.24674943986719D+01   0.25718013824146D+01   0.27015028955002D+01   0.28635024306902D+01   0.30680165431816D+01   0.33346503218745D+01
 
  440.0000000   0.22937994423198D+01   0.23604826679261D+01   0.24444657696850D+01   0.25490733457371D+01   0.26789456627035D+01   0.28406886531793D+01   0.30439977762762D+01   0.33075612533500D+01
 
  440.0000000   0.22672945718379D+01   0.23341462848618D+01   0.24182328516526D+01   0.25229251137433D+01   0.26527045688814D+01   0.28138477191952D+01   0.30154764116902D+01   0.32752726991036D+01
 
  440.0000000   0.22379107893912D+01   0.23047911359139D+01   0.23888335074064D+01   0.24934067269786D+01   0.26228113829982D+01   0.27829726641833D+01   0.29824111146243D+01   0.32377301010565D+01
 
  440.0000000   0.22055185842486D+01   0.22722801617945D+01   0.23561321553364D+01   0.24603643980507D+01   0.25890726699248D+01   0.27478180420005D+01   0.29445122761838D+01   0.31946158317386D+01
 
  440.0000000   0.21699163733493D+01   0.22363874305767D+01   0.23198518033694D+01   0.24234704449058D+01   0.25511146742921D+01   0.27079673649148D+01   0.29013193256723D+01   0.31454113087733D+01
 
  440.0000000   0.21308253165558D+01   0.21967997119073D+01   0.22796043944555D+01   0.23822715649103D+01   0.25084334445014D+01   0.26628716414125D+01   0.28522231184374D+01   0.30894104388311D+01
 
  440.0000000   0.20878741674664D+01   0.21531074519932D+01   0.22349099910752D+01   0.23362181725263D+01   0.24604134036705D+01   0.26118469426457D+01   0.27964558981364D+01   0.30257291889397D+01
 
  440.0000000   0.20405662596172D+01   0.21047712389425D+01   0.21851656158185D+01   0.22846323814705D+01   0.24062909415990D+01   0.25540320104726D+01   0.27330454813305D+01   0.29532633609689D+01
 
  440.0000000   0.19882361408006D+01   0.20510744094309D+01   0.21295872619705D+01   0.22266433369653D+01   0.23450880838367D+01   0.24883232204308D+01   0.26607495587869D+01   0.28706203403580D+01
 
  440.0000000   0.19300097451791D+01   0.19910795473438D+01   0.20671599967043D+01   0.21611310414187D+01   0.22755509280812D+01   0.24133089373759D+01   0.25779876085909D+01   0.27760508756550D+01
 
  440.0000000   0.18647388521826D+01   0.19235592829484D+01   0.19965638376837D+01   0.20866423309857D+01   0.21960528301767D+01   0.23271628982216D+01   0.24827379810192D+01   0.26673651889403D+01
 
  440.0000000   0.17909162534745D+01   0.18469061285484D+01   0.19160761774493D+01   0.20012893966256D+01   0.21044919122573D+01   0.22275398610229D+01   0.23724235772211D+01   0.25418033020199D+01
 
  440.0000000   0.17065318529436D+01   0.17589806701842D+01   0.18234129114309D+01   0.19025968897575D+01   0.19981514055157D+01   0.21114390643861D+01   0.22437367030611D+01   0.23957841757320D+01
 
  440.0000000   0.16088459398489D+01   0.16568735822785D+01   0.17154758280920D+01   0.17872293311184D+01   0.18734046487430D+01   0.19748910619939D+01   0.20923233478834D+01   0.22246096441083D+01
 
  440.0000000   0.14940229346522D+01   0.15365201041197D+01   0.15879416827879D+01   0.16505433389769D+01   0.17252248063608D+01   0.18124331358649D+01   0.19122564182298D+01   0.20219775295675D+01
 
  440.0000000   0.13563796990919D+01   0.13919072858479D+01   0.14344208431378D+01   0.14856967890703D+01   0.15462430801760D+01   0.16161104847240D+01   0.16949642056811D+01   0.17788382176727D+01
 
  440.0000000   0.11864409146664D+01   0.12130195173465D+01   0.12442712124911D+01   0.12813217704169D+01   0.13242691619728D+01   0.13728221873256D+01   0.14263590515349D+01   0.14802987516335D+01
 
  440.0000000   0.95830559121149D+00   0.97243728030641D+00   0.98826323763739D+00   0.10061080670122D+01   0.10256323980758D+01   0.10462277421695D+01   0.10670602177875D+01   0.10841050474363D+01
 
  440.0000000   0.82472447701981D+00   0.83146438640984D+00   0.83818406070205D+00   0.84477527533593D+00   0.85067054006278D+00   0.85510125607369D+00   0.85713131302575D+00   0.85340192958500D+00
