Extinction coefficient
61
6.0 2.27000e-05
5.9 2.68168e-05
5.8 3.16804e-05
5.7 3.74259e-05
5.6 4.42135e-05
5.5 5.22321e-05
5.4 6.17049e-05
5.3 7.28957e-05
5.2 8.61161e-05
5.1 1.01734e-04
5.0 1.20185e-04
4.9 1.41982e-04
4.8 1.67731e-04
4.7 1.98151e-04
4.6 2.34088e-04
4.5 2.76542e-04
4.4 3.26696e-04
4.3 3.85946e-04
4.2 4.55941e-04
4.1 5.38631e-04
4.0 6.36317e-04
3.9 7.51720e-04
3.8 8.88052e-04
3.7 1.04911e-03
3.6 1.23938e-03
3.5 1.46415e-03
3.4 1.72969e-03
3.3 2.04339e-03
3.2 2.41398e-03
3.1 2.85177e-03
3.0 3.36897e-03
2.9 3.97997e-03
2.8 4.70178e-03
2.7 5.55450e-03
2.6 6.56186e-03
2.5 7.75193e-03
2.4 9.15782e-03
2.3 1.08187e-02
2.2 1.27808e-02
2.1 1.50987e-02
2.0 1.78370e-02
1.9 2.10719e-02
1.8 2.48935e-02
1.7 2.94082e-02
1.6 3.47417e-02
1.5 4.10425e-02
1.4 4.84860e-02
1.3 5.72794e-02
1.2 6.76676e-02
1.1 7.99399e-02
1.0 9.44378e-02
0.9 1.11565e-01
0.8 1.31799e-01
0.7 1.55702e-01
0.6 1.83940e-01
0.5 2.17299e-01
0.4 2.56709e-01
0.3 3.03265e-01
0.2 3.58266e-01
0.1 4.23241e-01
0.0 5.00000e-01
