Absorption coefficient
61
6.0 4.08599e-06
5.9 4.82703e-06
5.8 5.70246e-06
5.7 6.73667e-06
5.6 7.95843e-06
5.5 9.40177e-06
5.4 1.11069e-05
5.3 1.31212e-05
5.2 1.55009e-05
5.1 1.83122e-05
5.0 2.16333e-05
4.9 2.55567e-05
4.8 3.01916e-05
4.7 3.56672e-05
4.6 4.21358e-05
4.5 4.97776e-05
4.4 5.88053e-05
4.3 6.94702e-05
4.2 8.20694e-05
4.1 9.69535e-05
4.0 1.14537e-04
3.9 1.35310e-04
3.8 1.59849e-04
3.7 1.88840e-04
3.6 2.23088e-04
3.5 2.63547e-04
3.4 3.11344e-04
3.3 3.67809e-04
3.2 4.34516e-04
3.1 5.13319e-04
3.0 6.06415e-04
2.9 7.16395e-04
2.8 8.46321e-04
2.7 9.99810e-04
2.6 1.18114e-03
2.5 1.39535e-03
2.4 1.64841e-03
2.3 1.94736e-03
2.2 2.30054e-03
2.1 2.71776e-03
2.0 3.21066e-03
1.9 3.79295e-03
1.8 4.48084e-03
1.7 5.29348e-03
1.6 6.25351e-03
1.5 7.38765e-03
1.4 8.72748e-03
1.3 1.03103e-02
1.2 1.21802e-02
1.1 1.43892e-02
1.0 1.69988e-02
0.9 2.00817e-02
0.8 2.37237e-02
0.7 2.80263e-02
0.6 3.31092e-02
0.5 3.91138e-02
0.4 4.62075e-02
0.3 5.45878e-02
0.2 6.44878e-02
0.1 7.61834e-02
0.0 9.00000e-02
