 #  SCIATRAN 2.2 (DOM, spherical mode)
 #  Height resolved air mass factors for no2
 #  Spectral range:  440.000 -  440.000
 #  The number of spectral points:    1
 #  The number of altitude levels:  44
    10.000     9.800     9.600     9.400     9.200     9.000     8.800     8.600     8.400     8.200     8.000     7.800     7.600     7.400     7.200     7.000     6.800     6.600     6.400     6.200     6.000     5.800     5.600     5.400     5.200     5.000     4.800     4.600     4.400     4.200     4.000     3.800     3.600     3.400     3.200     3.000     2.800     2.600     2.400     2.200     2.000     1.800     1.600     1.400
 
  440.0000000   0.11072643111113D+01   0.11587086910913D+01   0.12250849507522D+01   0.13094573286543D+01   0.14173448018708D+01   0.15575901178160D+01   0.17447284477428D+01   0.20012220358226D+01
 
  440.0000000   0.11118876941650D+01   0.11635776716956D+01   0.12302574265297D+01   0.13149961415974D+01   0.14233230949635D+01   0.15640966187519D+01   0.17518750763202D+01   0.20091416556432D+01
 
  440.0000000   0.11208460449610D+01   0.11730065935998D+01   0.12402674625291D+01   0.13257065038922D+01   0.14348719909190D+01   0.15766510412918D+01   0.17656446622685D+01   0.20243714896792D+01
 
  440.0000000   0.11293091994178D+01   0.11819043740705D+01   0.12497012377507D+01   0.13357841108770D+01   0.14457173999160D+01   0.15884127692984D+01   0.17785072178803D+01   0.20385432308708D+01
 
  440.0000000   0.11374230902935D+01   0.11904263945424D+01   0.12587259151758D+01   0.13454107265059D+01   0.14560591408357D+01   0.15996040610792D+01   0.17907132674201D+01   0.20519437522216D+01
 
  440.0000000   0.11453019422547D+01   0.11986942327005D+01   0.12674722024490D+01   0.13547283977713D+01   0.14660533113209D+01   0.16103984943873D+01   0.18024584005560D+01   0.20647969082168D+01
 
  440.0000000   0.11530346720613D+01   0.12068025324281D+01   0.12760418981315D+01   0.13638477651840D+01   0.14758214627814D+01   0.16209311766889D+01   0.18138948327094D+01   0.20772769333639D+01
 
  440.0000000   0.11606913652952D+01   0.12148258790115D+01   0.12845152452321D+01   0.13728560253694D+01   0.14854593296674D+01   0.16313084238335D+01   0.18251422435517D+01   0.20895207180487D+01
 
  440.0000000   0.11683288222040D+01   0.12228246663822D+01   0.12929571390658D+01   0.13818236033575D+01   0.14950441261468D+01   0.16416158643992D+01   0.18362968892895D+01   0.21016381689061D+01
 
  440.0000000   0.11759943872887D+01   0.12308491961863D+01   0.13014215773604D+01   0.13908090401307D+01   0.15046399747619D+01   0.16519245404416D+01   0.18474385496949D+01   0.21137202678247D+01
 
  440.0000000   0.11837284063250D+01   0.12389423109096D+01   0.13099545238247D+01   0.13998621369123D+01   0.15143013894890D+01   0.16622948014270D+01   0.18586349276910D+01   0.21258441162085D+01
 
  440.0000000   0.11915675838757D+01   0.12471429896315D+01   0.13185978049441D+01   0.14090282267583D+01   0.15240780186589D+01   0.16727816532228D+01   0.18699478035609D+01   0.21380801843458D+01
 
  440.0000000   0.11995496187784D+01   0.12554912562048D+01   0.13273943562198D+01   0.14183538320627D+01   0.15340208008239D+01   0.16834415204361D+01   0.18814405437962D+01   0.21505007425681D+01
 
  440.0000000   0.12077187085403D+01   0.12640340078281D+01   0.13363944530305D+01   0.14278933852999D+01   0.15441892801431D+01   0.16943402874844D+01   0.18931870393725D+01   0.21631899126834D+01
 
  440.0000000   0.12161318605183D+01   0.12728317440121D+01   0.13456629657633D+01   0.14377171395079D+01   0.15546603349181D+01   0.17055630602655D+01   0.19052828003082D+01   0.21762565193457D+01
 
  440.0000000   0.12248678067790D+01   0.12819680522301D+01   0.13552895623142D+01   0.14479222529740D+01   0.15655403481241D+01   0.17172276870720D+01   0.19178601891757D+01   0.21898515273807D+01
 
  440.0000000   0.12340425376082D+01   0.12915661273129D+01   0.13654064668297D+01   0.14586520756850D+01   0.15769863782687D+01   0.17295082792412D+01   0.19311149318735D+01   0.22041984152096D+01
 
  440.0000000   0.12438354706940D+01   0.13018165719315D+01   0.13762183027112D+01   0.14701285108937D+01   0.15892416236769D+01   0.17426745288536D+01   0.19453503024712D+01   0.22196435832583D+01
 
  440.0000000   0.12545335418851D+01   0.13130242374032D+01   0.13880523830246D+01   0.14827065712066D+01   0.16026952383972D+01   0.17571580448641D+01   0.19610516532033D+01   0.22367413106820D+01
 
  440.0000000   0.12669331732342D+01   0.13260392520823D+01   0.14018268959147D+01   0.14973894835799D+01   0.16184578048181D+01   0.17742077944137D+01   0.19796516122929D+01   0.22571708055469D+01
 
  440.0000000   0.17768827789288D+01   0.18366067098784D+01   0.19131476993877D+01   0.20095934180597D+01   0.21316837012451D+01   0.22886083334431D+01   0.24953934114229D+01   0.27743448421820D+01
 
  440.0000000   0.22782656350086D+01   0.23383789718840D+01   0.24153666666888D+01   0.25122833371398D+01   0.26348340687258D+01   0.27921499208448D+01   0.29991445722400D+01   0.32778112092810D+01
 
  440.0000000   0.22731369787015D+01   0.23333846081196D+01   0.24104847795621D+01   0.25074464716862D+01   0.26299087822638D+01   0.27868907078757D+01   0.29931021913797D+01   0.32700614813017D+01
 
  440.0000000   0.22652997425062D+01   0.23255109816309D+01   0.24025028244274D+01   0.24992405841464D+01   0.26212843862504D+01   0.27775163664244D+01   0.29823997730495D+01   0.32569097751434D+01
 
  440.0000000   0.22553972272687D+01   0.23154427372263D+01   0.23921587285105D+01   0.24884686608937D+01   0.26098430742502D+01   0.27650065976396D+01   0.29681396039253D+01   0.32396156843434D+01
 
  440.0000000   0.22438121234942D+01   0.23035860827584D+01   0.23798890024191D+01   0.24756056829059D+01   0.25961070334897D+01   0.27499393293715D+01   0.29509623751189D+01   0.32188916033640D+01
 
  440.0000000   0.22307660673111D+01   0.22901748585072D+01   0.23659432776340D+01   0.24609228420701D+01   0.25803740366830D+01   0.27326407572722D+01   0.29312175698238D+01   0.31951020739549D+01
 
  440.0000000   0.22163823771966D+01   0.22753373574833D+01   0.23504560331342D+01   0.24445617279970D+01   0.25627930005614D+01   0.27132659239403D+01   0.29090624984126D+01   0.31683980249186D+01
 
  440.0000000   0.22007230290902D+01   0.22591356605747D+01   0.23334894235269D+01   0.24265824224445D+01   0.25434187073733D+01   0.26918600284049D+01   0.28845271811192D+01   0.31387822231017D+01
 
  440.0000000   0.21838102199281D+01   0.22415881600995D+01   0.23150560981881D+01   0.24069888768941D+01   0.25222419525770D+01   0.26683939284294D+01   0.28575520314017D+01   0.31061448025376D+01
 
  440.0000000   0.21656417248861D+01   0.22226849793823D+01   0.22951334291917D+01   0.23857423919709D+01   0.24992031385331D+01   0.26427788855579D+01   0.28280048652788D+01   0.30702830278585D+01
 
  440.0000000   0.21461985142645D+01   0.22023961241136D+01   0.22736741801177D+01   0.23627742706536D+01   0.24742056632586D+01   0.26148790075161D+01   0.27956903355836D+01   0.30309070391940D+01
 
  440.0000000   0.21254312981619D+01   0.21806593457537D+01   0.22506021677321D+01   0.23379833813369D+01   0.24471082867963D+01   0.25844947056212D+01   0.27603297487389D+01   0.29876281921323D+01
 
  440.0000000   0.21032524389394D+01   0.21573699754612D+01   0.22257963760563D+01   0.23112135637023D+01   0.24176961565200D+01   0.25513296070254D+01   0.27215296283665D+01   0.29399346461991D+01
 
  440.0000000   0.20795344661729D+01   0.21323741288444D+01   0.21990655762791D+01   0.22822197266094D+01   0.23856505046449D+01   0.25149693336641D+01   0.26787579167852D+01   0.28871419013906D+01
 
  440.0000000   0.20540875299007D+01   0.21054435593645D+01   0.21701194789422D+01   0.22506375610816D+01   0.23505183649373D+01   0.24748491460540D+01   0.26313000724659D+01   0.28283262099595D+01
 
  440.0000000   0.20266285759682D+01   0.20762443482704D+01   0.21385447651852D+01   0.22159576132364D+01   0.23116741769653D+01   0.24301983792680D+01   0.25781963538459D+01   0.27622754517625D+01
 
  440.0000000   0.19967174389750D+01   0.20442693717284D+01   0.21037359533491D+01   0.21774379377293D+01   0.22682003441268D+01   0.23798911481321D+01   0.25181004150181D+01   0.26874083151443D+01
 
  440.0000000   0.19636736316901D+01   0.20087480675298D+01   0.20647983165157D+01   0.21340010756991D+01   0.22187775224424D+01   0.23223250046263D+01   0.24491331519941D+01   0.26015944259338D+01
 
  440.0000000   0.19264533039404D+01   0.19685130965020D+01   0.20204077324026D+01   0.20841100312294D+01   0.21615903323978D+01   0.22553378353032D+01   0.23687251137966D+01   0.25018310005101D+01
 
  440.0000000   0.18833998644750D+01   0.19217300153263D+01   0.19685145550185D+01   0.20254341272080D+01   0.20939449207371D+01   0.21757754320610D+01   0.22731508617981D+01   0.23837777587709D+01
 
  440.0000000   0.18315950461745D+01   0.18651897433062D+01   0.19055567641350D+01   0.19539474084496D+01   0.20112236159698D+01   0.20782975758624D+01   0.21562332420529D+01   0.22404358922947D+01
 
  440.0000000   0.17627835840700D+01   0.17898458492307D+01   0.18215042619374D+01   0.18583689265201D+01   0.19005827432295D+01   0.19481475033315D+01   0.20009196904042D+01   0.20523120944083D+01
 
  440.0000000   0.17225365500844D+01   0.17457317305691D+01   0.17722734966486D+01   0.18023870383914D+01   0.18358155076277D+01   0.18720719814076D+01   0.19103855731294D+01   0.19432886217416D+01
