 #  SCIATRAN 2.2 (DOM, spherical mode)
 #  Height resolved air mass factors for no2
 #  Spectral range:  440.000 -  440.000
 #  The number of spectral points:    1
 #  The number of altitude levels:  51
    10.000     9.800     9.600     9.400     9.200     9.000     8.800     8.600     8.400     8.200     8.000     7.800     7.600     7.400     7.200     7.000     6.800     6.600     6.400     6.200     6.000     5.800     5.600     5.400     5.200     5.000     4.800     4.600     4.400     4.200     4.000     3.800     3.600     3.400     3.200     3.000     2.800     2.600     2.400     2.200     2.000     1.800     1.600     1.400     1.200     1.000     0.800     0.600     0.400     0.200     0.000
 
  440.0000000   0.10568406272637D+01   0.11050125262601D+01   0.11670521698492D+01   0.12469238684994D+01   0.13496530366199D+01   0.14820991116590D+01   0.16537584573558D+01   0.18847533562948D+01
 
  440.0000000   0.10622271769088D+01   0.11106459963735D+01   0.11729813608502D+01   0.12531963507737D+01   0.13563175042324D+01   0.14892058665128D+01   0.16613590494179D+01   0.18929094053141D+01
 
  440.0000000   0.10727002232874D+01   0.11215945075111D+01   0.11844988710415D+01   0.12653732918507D+01   0.13692458405561D+01   0.15029798246936D+01   0.16760740063126D+01   0.19086765935744D+01
 
  440.0000000   0.10826639426540D+01   0.11320019637261D+01   0.11954365374308D+01   0.12769233486079D+01   0.13814907075756D+01   0.15160024692123D+01   0.16899561279233D+01   0.19235079853413D+01
 
  440.0000000   0.10922809863949D+01   0.11420400015219D+01   0.12059768979422D+01   0.12880420397853D+01   0.13932629271269D+01   0.15285025898913D+01   0.17032553273894D+01   0.19376791978025D+01
 
  440.0000000   0.11016794489561D+01   0.11518437623557D+01   0.12162636420514D+01   0.12988832220204D+01   0.14047283289663D+01   0.15406600626069D+01   0.17161679847896D+01   0.19514066627056D+01
 
  440.0000000   0.11109599238044D+01   0.11615193628948D+01   0.12264095874723D+01   0.13095676785842D+01   0.14160170732039D+01   0.15526160489854D+01   0.17288481993977D+01   0.19648601993581D+01
 
  440.0000000   0.11202027646111D+01   0.11711515423283D+01   0.12365047933038D+01   0.13201917838319D+01   0.14272329588260D+01   0.15644830509421D+01   0.17414187036194D+01   0.19781749475066D+01
 
  440.0000000   0.11294743518283D+01   0.11808102565368D+01   0.12466235487197D+01   0.13308349568861D+01   0.14384614180519D+01   0.15763535280934D+01   0.17539801939291D+01   0.19914615356357D+01
 
  440.0000000   0.11388314182572D+01   0.11905552590990D+01   0.12568292670524D+01   0.13415649341813D+01   0.14497752435852D+01   0.15883061716740D+01   0.17666182671526D+01   0.20048138557741D+01
 
  440.0000000   0.11483239007585D+01   0.12004391212583D+01   0.12671777095361D+01   0.13524412357567D+01   0.14612383406223D+01   0.16004099915458D+01   0.17794079003949D+01   0.20183140208051D+01
 
  440.0000000   0.11579989209972D+01   0.12105114500000D+01   0.12777214949438D+01   0.13635200276143D+01   0.14729110138132D+01   0.16127301156536D+01   0.17924198754588D+01   0.20320395845442D+01
 
  440.0000000   0.11679066381665D+01   0.12208250334227D+01   0.12885165960229D+01   0.13748610269837D+01   0.14848573416683D+01   0.16253356978195D+01   0.18057292892233D+01   0.20460727404200D+01
 
  440.0000000   0.11781074705559D+01   0.12314434233556D+01   0.12996303552042D+01   0.13865360201087D+01   0.14971542694545D+01   0.16383096667834D+01   0.18194260520922D+01   0.20605116827481D+01
 
  440.0000000   0.11886806217774D+01   0.12424499301457D+01   0.13111510495495D+01   0.13986391016161D+01   0.15099026422899D+01   0.16517606981759D+01   0.18336279856133D+01   0.20754850917525D+01
 
  440.0000000   0.11997365367362D+01   0.12539607396112D+01   0.13232018066713D+01   0.14113015265353D+01   0.15232431432828D+01   0.16658404115885D+01   0.18484994873990D+01   0.20911725439732D+01
 
  440.0000000   0.12114386094439D+01   0.12661477384318D+01   0.13359647012097D+01   0.14247173649169D+01   0.15373838377279D+01   0.16807731639677D+01   0.18642839558196D+01   0.21078400502362D+01
 
  440.0000000   0.12240398786177D+01   0.12792771293056D+01   0.13497217219393D+01   0.14391871853543D+01   0.15526469659520D+01   0.16969064210416D+01   0.18813583427830D+01   0.21258995853880D+01
 
  440.0000000   0.12379451111602D+01   0.12937748040518D+01   0.13649243078656D+01   0.14551922891346D+01   0.15695484263457D+01   0.17147961965029D+01   0.19003255639268D+01   0.21460098510053D+01
 
  440.0000000   0.12538173613502D+01   0.13103384235038D+01   0.13823120274768D+01   0.14735211494112D+01   0.15889332604454D+01   0.17353530626704D+01   0.19221728125862D+01   0.21692491795588D+01
 
  440.0000000   0.17676762168445D+01   0.18249524738604D+01   0.18978162969438D+01   0.19900227154953D+01   0.21065249085891D+01   0.22541118860564D+01   0.24421517927742D+01   0.26904062355719D+01
 
  440.0000000   0.22735327652974D+01   0.23314917937242D+01   0.24051366766327D+01   0.24981715372777D+01   0.26155076301984D+01   0.27638776934924D+01   0.29525619685194D+01   0.32010533123713D+01
 
  440.0000000   0.22730406593846D+01   0.23315312714190D+01   0.24057634513914D+01   0.24993797548155D+01   0.26172332118328D+01   0.27659752536002D+01   0.29547586326974D+01   0.32027059759679D+01
 
  440.0000000   0.22697960027051D+01   0.23286870769016D+01   0.24033476686074D+01   0.24973601894926D+01   0.26155165411924D+01   0.27643810422485D+01   0.29529693828922D+01   0.32000153615667D+01
 
  440.0000000   0.22643505591473D+01   0.23235419881451D+01   0.23985097788753D+01   0.24927784846597D+01   0.26110770150964D+01   0.27598781915502D+01   0.29480530907681D+01   0.31939329022580D+01
 
  440.0000000   0.22570121323198D+01   0.23164222515570D+01   0.23915985282468D+01   0.24860111882370D+01   0.26043251803297D+01   0.27529184242641D+01   0.29405110401856D+01   0.31850214941313D+01
 
  440.0000000   0.22479043146957D+01   0.23074609219999D+01   0.23827586635837D+01   0.24772189849689D+01   0.25954428584521D+01   0.27437106117861D+01   0.29305856265281D+01   0.31735668238095D+01
 
  440.0000000   0.22369830963639D+01   0.22966161071574D+01   0.23719512673484D+01   0.24663706776000D+01   0.25844123552976D+01   0.27322562358093D+01   0.29183018086359D+01   0.31596250497575D+01
 
  440.0000000   0.22240043931877D+01   0.22836384678286D+01   0.23589225194645D+01   0.24532151914468D+01   0.25709932600183D+01   0.27183310707086D+01   0.29034508268043D+01   0.31430064932556D+01
 
  440.0000000   0.22084124720645D+01   0.22679609211206D+01   0.23431089049282D+01   0.24371967780936D+01   0.25546391671111D+01   0.27013966760661D+01   0.28854953088206D+01   0.31231842392570D+01
 
  440.0000000   0.21843666525023D+01   0.22438737437393D+01   0.23189507323872D+01   0.24129238074155D+01   0.25301490745049D+01   0.26764727140839D+01   0.28597142729263D+01   0.30956133965725D+01
 
  440.0000000   0.21649024173245D+01   0.22243983925015D+01   0.22993627112518D+01   0.23931594028764D+01   0.25100484503242D+01   0.26556652039465D+01   0.28374402073052D+01   0.30701012118285D+01
 
  440.0000000   0.21603434038295D+01   0.22198448804383D+01   0.22946097070287D+01   0.23880817462435D+01   0.25043545588160D+01   0.26487088966070D+01   0.28279428244872D+01   0.30552928385577D+01
 
  440.0000000   0.21491221507089D+01   0.22087687301321D+01   0.22835052509945D+01   0.23767873317185D+01   0.24925523612380D+01   0.26357921533141D+01   0.28128225039474D+01   0.30356291455627D+01
 
  440.0000000   0.21304798450512D+01   0.21901145076145D+01   0.22647024253733D+01   0.23576069596291D+01   0.24726604327802D+01   0.26147172542654D+01   0.27899019891454D+01   0.30094771646763D+01
 
  440.0000000   0.21125442267760D+01   0.21718933897269D+01   0.22460465389848D+01   0.23382578235722D+01   0.24522694182364D+01   0.25928301060104D+01   0.27659262657950D+01   0.29822963497321D+01
 
  440.0000000   0.20910193244486D+01   0.21499802302385D+01   0.22235910407271D+01   0.23150403867554D+01   0.24279841374255D+01   0.25670466044022D+01   0.27380279409281D+01   0.29511521719162D+01
 
  440.0000000   0.20660623609046D+01   0.21245388734153D+01   0.21974996299099D+01   0.22881099896332D+01   0.23999429939887D+01   0.25374812203804D+01   0.27062952722132D+01   0.29160802534438D+01
 
  440.0000000   0.20374488110200D+01   0.20953384206553D+01   0.21675296210278D+01   0.22572044576103D+01   0.23678498496997D+01   0.25037777812092D+01   0.26702673795831D+01   0.28764106898866D+01
 
  440.0000000   0.20050916736426D+01   0.20622644135865D+01   0.21335102235252D+01   0.22220895349335D+01   0.23313815003383D+01   0.24654549123874D+01   0.26291584798724D+01   0.28307398631281D+01
 
  440.0000000   0.19696744099713D+01   0.20258938645253D+01   0.20958336057314D+01   0.21829258979987D+01   0.22903624689838D+01   0.24217754692212D+01   0.25812395083113D+01   0.27754868844719D+01
 
  440.0000000   0.19296541270809D+01   0.19840051739096D+01   0.20513034065569D+01   0.21351308438569D+01   0.22382491194954D+01   0.23634345838457D+01   0.25133312265649D+01   0.26915093149977D+01
 
  440.0000000   0.18470563878036D+01   0.18941946901117D+01   0.19516783039872D+01   0.20223889618466D+01   0.21080311562364D+01   0.22099250502331D+01   0.23287252497211D+01   0.24622589186176D+01
 
  440.0000000   0.16400623858424D+01   0.16687309277916D+01   0.17021179685251D+01   0.17411706688029D+01   0.17859036631373D+01   0.18358751013450D+01   0.18900012412253D+01   0.19413286973082D+01
 
  440.0000000   0.13409125907885D+01   0.13530029392808D+01   0.13652354374652D+01   0.13771070153905D+01   0.13874631550795D+01   0.13947363909965D+01   0.13968991963478D+01   0.13867807590510D+01
 
  440.0000000   0.11642523418700D+01   0.11715077201552D+01   0.11777446931563D+01   0.11821802795635D+01   0.11834154750601D+01   0.11796215825062D+01   0.11684959416447D+01   0.11441252277629D+01
 
  440.0000000   0.11138560735540D+01   0.11194186237439D+01   0.11236462669804D+01   0.11257184488347D+01   0.11242281281433D+01   0.11173544760907D+01   0.11028265325757D+01   0.10752987758959D+01
 
  440.0000000   0.10573152725741D+01   0.10610881024720D+01   0.10632185783881D+01   0.10628682555662D+01   0.10586557345218D+01   0.10488173869440D+01   0.10311851388808D+01   0.10010158098211D+01
 
  440.0000000   0.99412922479693D+00   0.99597173028677D+00   0.99586674672501D+00   0.99296666059874D+00   0.98594627425588D+00   0.97314787747731D+00   0.95257922939495D+00   0.92015530058059D+00
 
  440.0000000   0.92121362171544D+00   0.92087342282989D+00   0.91827157514689D+00   0.91257005934043D+00   0.90253473379126D+00   0.88666353164833D+00   0.86320957063048D+00   0.82883532734555D+00
 
  440.0000000   0.88173683911110D+00   0.88022242769606D+00   0.87628535430144D+00   0.86909943106119D+00   0.85748572915509D+00   0.84003265820204D+00   0.81513263335495D+00   0.77984960208406D+00
