 #  SCIATRAN 2.2 (DOM, spherical mode)
 #  Height resolved air mass factors for no2
 #  Spectral range:  440.000 -  440.000
 #  The number of spectral points:    1
 #  The number of altitude levels:  51
    10.000     9.800     9.600     9.400     9.200     9.000     8.800     8.600     8.400     8.200     8.000     7.800     7.600     7.400     7.200     7.000     6.800     6.600     6.400     6.200     6.000     5.800     5.600     5.400     5.200     5.000     4.800     4.600     4.400     4.200     4.000     3.800     3.600     3.400     3.200     3.000     2.800     2.600     2.400     2.200     2.000     1.800     1.600     1.400     1.200     1.000     0.800     0.600     0.400     0.200     0.000
 
  440.0000000   0.10933661639907D+01   0.11441041793332D+01   0.12095115982008D+01   0.12935029143516D+01   0.14013667120489D+01   0.15405701924532D+01   0.17218991886035D+01   0.19671084732502D+01
 
  440.0000000   0.10989143235276D+01   0.11499148891889D+01   0.12156332607047D+01   0.12999807186093D+01   0.14082441328054D+01   0.15478887372216D+01   0.17296975135451D+01   0.19754294838127D+01
 
  440.0000000   0.11096948866810D+01   0.11612007987472D+01   0.12275171535706D+01   0.13125481893731D+01   0.14215767602541D+01   0.15620633993413D+01   0.17447842667745D+01   0.19915030561003D+01
 
  440.0000000   0.11199389255620D+01   0.11719160859087D+01   0.12387890879250D+01   0.13244539692591D+01   0.14341884878773D+01   0.15754470765662D+01   0.17589970397860D+01   0.20065997761602D+01
 
  440.0000000   0.11298166732951D+01   0.11822406636649D+01   0.12496406193065D+01   0.13359033445606D+01   0.14463005869646D+01   0.15882795172579D+01   0.17725969155783D+01   0.20210061355868D+01
 
  440.0000000   0.11394623038723D+01   0.11923163087281D+01   0.12602226667884D+01   0.13470580041022D+01   0.14580872701278D+01   0.16007493973590D+01   0.17857892613097D+01   0.20349473484353D+01
 
  440.0000000   0.11489813857299D+01   0.12022545644022D+01   0.12706539607540D+01   0.13580451403606D+01   0.14696855672553D+01   0.16130051101499D+01   0.17987355970221D+01   0.20486005483662D+01
 
  440.0000000   0.11584584863360D+01   0.12121447617971D+01   0.12810295620626D+01   0.13689665522771D+01   0.14812051013716D+01   0.16251653086433D+01   0.18115650031957D+01   0.20621071970641D+01
 
  440.0000000   0.11679637572684D+01   0.12220609601688D+01   0.12914282262740D+01   0.13799065042455D+01   0.14927365154230D+01   0.16373279756358D+01   0.18243839123847D+01   0.20755837018297D+01
 
  440.0000000   0.11775576037274D+01   0.12320669000271D+01   0.13019177018830D+01   0.13909374384603D+01   0.15043576772002D+01   0.16495772133500D+01   0.18372835971055D+01   0.20891297721631D+01
 
  440.0000000   0.11872938450538D+01   0.12422193554579D+01   0.13125583133540D+01   0.14021238308714D+01   0.15161378539022D+01   0.16619877869687D+01   0.18503451395675D+01   0.21028338974696D+01
 
  440.0000000   0.11972241893067D+01   0.12525728834585D+01   0.13234080458369D+01   0.14135276789043D+01   0.15281436807055D+01   0.16746316672392D+01   0.18636466656923D+01   0.21167814475761D+01
 
  440.0000000   0.12074047367652D+01   0.12631866685315D+01   0.13345297960836D+01   0.14252162223298D+01   0.15404474164125D+01   0.16875868882558D+01   0.18772728764780D+01   0.21310649649259D+01
 
  440.0000000   0.12179041782861D+01   0.12741331532756D+01   0.13460005189312D+01   0.14372716866942D+01   0.15531373672191D+01   0.17009487400788D+01   0.18913271065638D+01   0.21457972079802D+01
 
  440.0000000   0.12288139307518D+01   0.12855087348857D+01   0.13579225393926D+01   0.14498033781155D+01   0.15663309615470D+01   0.17148440321639D+01   0.19059469858948D+01   0.21611284822200D+01
 
  440.0000000   0.12402630305424D+01   0.12974494839666D+01   0.13704402403785D+01   0.14629655257201D+01   0.15801939529403D+01   0.17294518821287D+01   0.19213270656697D+01   0.21772714283528D+01
 
  440.0000000   0.12524436813569D+01   0.13101581820640D+01   0.13837690878608D+01   0.14769884742488D+01   0.15949739401492D+01   0.17450398088852D+01   0.19377579215708D+01   0.21945437832510D+01
 
  440.0000000   0.12656546470110D+01   0.13239501199804D+01   0.13982443699300D+01   0.14922308257561D+01   0.16110563987172D+01   0.17620242139659D+01   0.19556917759872D+01   0.22134400633992D+01
 
  440.0000000   0.12803748431310D+01   0.13393306763774D+01   0.14144033807364D+01   0.15092671925008D+01   0.16290590702428D+01   0.17810725254970D+01   0.19758535426647D+01   0.22347529405150D+01
 
  440.0000000   0.12978332520617D+01   0.13576044741678D+01   0.14336438820076D+01   0.15296066368223D+01   0.16506240196104D+01   0.18039873899611D+01   0.20002431500915D+01   0.22607291878063D+01
 
  440.0000000   0.18105401181450D+01   0.18712145968329D+01   0.19483153405912D+01   0.20454647985193D+01   0.21677734257171D+01   0.23225060952984D+01   0.25201668528158D+01   0.27819688441011D+01
 
  440.0000000   0.23077802523651D+01   0.23691890023099D+01   0.24471208404602D+01   0.25451411765220D+01   0.26683008645730D+01   0.28237743762708D+01   0.30219147349461D+01   0.32835495483309D+01
 
  440.0000000   0.22935163359331D+01   0.23553718727806D+01   0.24337706567705D+01   0.25322149485216D+01   0.26556721989315D+01   0.28111844974590D+01   0.30088828464066D+01   0.32690434371940D+01
 
  440.0000000   0.22746498490535D+01   0.23367144643099D+01   0.24152866948759D+01   0.25138134119886D+01   0.26371713038875D+01   0.27922535164197D+01   0.29889404446188D+01   0.32468995640064D+01
 
  440.0000000   0.22522043589644D+01   0.23143003891838D+01   0.23928271155241D+01   0.24911818049213D+01   0.26141437235449D+01   0.27684423052174D+01   0.29636818475314D+01   0.32188710827361D+01
 
  440.0000000   0.22267622479680D+01   0.22887459185164D+01   0.23670507342335D+01   0.24650287652743D+01   0.25873548771052D+01   0.27405796304410D+01   0.29340049813724D+01   0.31859329732754D+01
 
  440.0000000   0.21986188115971D+01   0.22603628134259D+01   0.23382902441148D+01   0.24357135339855D+01   0.25571945359061D+01   0.27090857422916D+01   0.29003532507473D+01   0.31485425036791D+01
 
  440.0000000   0.21678572247370D+01   0.22292384069773D+01   0.23066397383844D+01   0.24033386135089D+01   0.25237731359813D+01   0.26740745483869D+01   0.28628328542086D+01   0.31067831902299D+01
 
  440.0000000   0.21343155904899D+01   0.21952031483600D+01   0.22719262691494D+01   0.23677219599745D+01   0.24868913534699D+01   0.26353204601371D+01   0.28211831886035D+01   0.30603483138271D+01
 
  440.0000000   0.20972596100127D+01   0.21574878549569D+01   0.22333458600347D+01   0.23280157425677D+01   0.24456463188016D+01   0.25918536367463D+01   0.27743553414705D+01   0.30081057808291D+01
 
  440.0000000   0.20506345894348D+01   0.21100203304494D+01   0.21847681297170D+01   0.22780547778779D+01   0.23938461542301D+01   0.25374057663290D+01   0.27158440136261D+01   0.29429619972362D+01
 
  440.0000000   0.20028117286234D+01   0.20609588769730D+01   0.21340532158166D+01   0.22252706704190D+01   0.23382827837212D+01   0.24777881245273D+01   0.26499332968960D+01   0.28667186919707D+01
 
  440.0000000   0.19628652102913D+01   0.20194911095947D+01   0.20905512102594D+01   0.21790984168977D+01   0.22884108129822D+01   0.24224994520686D+01   0.25863812674938D+01   0.27898203270170D+01
 
  440.0000000   0.19200555992158D+01   0.19753927768519D+01   0.20446586037206D+01   0.21308018585383D+01   0.22367760684810D+01   0.23660457636098D+01   0.25227556755607D+01   0.27147465444477D+01
 
  440.0000000   0.18733299565399D+01   0.19273701298768D+01   0.19947787595003D+01   0.20785031896218D+01   0.21812587540550D+01   0.23060961290354D+01   0.24565069452778D+01   0.26388021309502D+01
 
  440.0000000   0.18241404762107D+01   0.18764871430173D+01   0.19415497742674D+01   0.20222502799542D+01   0.21210559955495D+01   0.22406023623956D+01   0.23837392515637D+01   0.25552835504551D+01
 
  440.0000000   0.17692856730138D+01   0.18195614437178D+01   0.18818173329571D+01   0.19588847380871D+01   0.20529541160804D+01   0.21662272715323D+01   0.23009054739925D+01   0.24602289936168D+01
 
  440.0000000   0.17086395336608D+01   0.17564146140016D+01   0.18153106117545D+01   0.18880107963147D+01   0.19764058658310D+01   0.20822601340309D+01   0.22071494859797D+01   0.23526563061891D+01
 
  440.0000000   0.16411623077174D+01   0.16859103027440D+01   0.17407691125325D+01   0.18082091561569D+01   0.18897950057436D+01   0.19868495614126D+01   0.21003526174213D+01   0.22301771036406D+01
 
  440.0000000   0.15652354148496D+01   0.16062993578686D+01   0.16562872705472D+01   0.17173797069311D+01   0.17907824794027D+01   0.18773690912424D+01   0.19775522712825D+01   0.20895045193399D+01
 
  440.0000000   0.14785021874998D+01   0.15150510470229D+01   0.15591298470408D+01   0.16125252307665D+01   0.16760517436827D+01   0.17501409279498D+01   0.18347031631203D+01   0.19263243144693D+01
 
  440.0000000   0.13775759308858D+01   0.14085410439293D+01   0.14453980090280D+01   0.14894064288409D+01   0.15409603678488D+01   0.16000784266214D+01   0.16662786135261D+01   0.17348385878846D+01
 
  440.0000000   0.12581969091735D+01   0.12821826921327D+01   0.13101240180432D+01   0.13426138903223D+01   0.13795947120903D+01   0.14207008377874D+01   0.14651698372530D+01   0.15074901422349D+01
 
  440.0000000   0.11341097138809D+01   0.11504224660630D+01   0.11686450492402D+01   0.11887076806974D+01   0.12100851528326D+01   0.12319997361515D+01   0.12533739105339D+01   0.12685529484617D+01
 
  440.0000000   0.10055003041356D+01   0.10168108519057D+01   0.10287347620731D+01   0.10408281443995D+01   0.10522441048931D+01   0.10618709722580D+01   0.10683010372822D+01   0.10662733864730D+01
 
  440.0000000   0.90763023322243D+00   0.91694577478707D+00   0.92641408662029D+00   0.93546008779904D+00   0.94311731452793D+00   0.94813740717168D+00   0.94895686059400D+00   0.94084464651685D+00
 
  440.0000000   0.84561992572048D+00   0.85325672513799D+00   0.86072183793163D+00   0.86737063979203D+00   0.87219868795236D+00   0.87392618887338D+00   0.87096610367291D+00   0.85906283603986D+00
 
  440.0000000   0.77415227744918D+00   0.77988061119795D+00   0.78510067904279D+00   0.78915383524795D+00   0.79104081818819D+00   0.78949758726382D+00   0.78296842414576D+00   0.76773911386024D+00
 
  440.0000000   0.69305472288691D+00   0.69661680578109D+00   0.69931949151202D+00   0.70052503443627D+00   0.69927946957449D+00   0.69438595980486D+00   0.68438710736794D+00   0.66619328975994D+00
 
  440.0000000   0.59847447368565D+00   0.59946858898848D+00   0.59922300753350D+00   0.59715797655099D+00   0.59241579559174D+00   0.58393518692294D+00   0.57044817883142D+00   0.54961901761783D+00
 
  440.0000000   0.54705536496471D+00   0.54663801667062D+00   0.54478101571539D+00   0.54094413939627D+00   0.53433280773841D+00   0.52397369375801D+00   0.50872039925448D+00   0.48665489260176D+00
