 #  SCIATRAN 2.2 (DOM, spherical mode)
 #  Height resolved air mass factors for no2
 #  Spectral range:  440.000 -  440.000
 #  The number of spectral points:    1
 #  The number of altitude levels:  44
    10.000     9.800     9.600     9.400     9.200     9.000     8.800     8.600     8.400     8.200     8.000     7.800     7.600     7.400     7.200     7.000     6.800     6.600     6.400     6.200     6.000     5.800     5.600     5.400     5.200     5.000     4.800     4.600     4.400     4.200     4.000     3.800     3.600     3.400     3.200     3.000     2.800     2.600     2.400     2.200     2.000     1.800     1.600     1.400
 
  440.0000000   0.11068253342950D+01   0.11582274565980D+01   0.12245260748396D+01   0.13088842245877D+01   0.14167943860218D+01   0.15569253325771D+01   0.17432951262225D+01   0.19982283133458D+01
 
  440.0000000   0.11118133648722D+01   0.11634807130135D+01   0.12301041367991D+01   0.13148494801342D+01   0.14232169049679D+01   0.15638868774150D+01   0.17508945512791D+01   0.20065759668394D+01
 
  440.0000000   0.11214980475633D+01   0.11736752103852D+01   0.12409225311305D+01   0.13264103855289D+01   0.14356529380647D+01   0.15773520729664D+01   0.17655741072564D+01   0.20226726843448D+01
 
  440.0000000   0.11306864926084D+01   0.11833377351537D+01   0.12511643622491D+01   0.13373393657896D+01   0.14473884918277D+01   0.15900315346092D+01   0.17793605782693D+01   0.20377371132657D+01
 
  440.0000000   0.11395336952829D+01   0.11926331907532D+01   0.12610067788916D+01   0.13478285714306D+01   0.14586340079940D+01   0.16021580530542D+01   0.17925143333660D+01   0.20520642327421D+01
 
  440.0000000   0.11481617040307D+01   0.12016914060908D+01   0.12705892610418D+01   0.13580292560180D+01   0.14695550405352D+01   0.16139146202232D+01   0.18052398903268D+01   0.20658855701504D+01
 
  440.0000000   0.11566664626772D+01   0.12106144292871D+01   0.12800214405215D+01   0.13680602855723D+01   0.14802816548174D+01   0.16254449531658D+01   0.18176978376430D+01   0.20793828980454D+01
 
  440.0000000   0.11651247509381D+01   0.12194838886463D+01   0.12893909555511D+01   0.13780166110026D+01   0.14909176690873D+01   0.16368636830515D+01   0.18300161835609D+01   0.20927010078234D+01
 
  440.0000000   0.11736001622397D+01   0.12283673385699D+01   0.12987702662171D+01   0.13879766439629D+01   0.15015486905616D+01   0.16482651689568D+01   0.18423000926026D+01   0.21059585601313D+01
 
  440.0000000   0.11821473725224D+01   0.12373228185597D+01   0.13082215767757D+01   0.13980076328747D+01   0.15122480540843D+01   0.16597301332373D+01   0.18546393894066D+01   0.21192567052543D+01
 
  440.0000000   0.11908150576731D+01   0.12464019688008D+01   0.13178001954339D+01   0.14081693179898D+01   0.15230808352743D+01   0.16713301150982D+01   0.18671135672677D+01   0.21326847979619D+01
 
  440.0000000   0.11996499941424D+01   0.12556544112667D+01   0.13275592674807D+01   0.14185190992693D+01   0.15341095554811D+01   0.16831338459446D+01   0.18797990174152D+01   0.21463287419538D+01
 
  440.0000000   0.12087029818009D+01   0.12651340181598D+01   0.13375564680706D+01   0.14291192368039D+01   0.15454019853918D+01   0.16952157712067D+01   0.18927784141695D+01   0.21602814095668D+01
 
  440.0000000   0.12180363225447D+01   0.12749068272081D+01   0.13478624542143D+01   0.14400459439573D+01   0.15570409996743D+01   0.17076668130711D+01   0.19061525739742D+01   0.21746558191080D+01
 
  440.0000000   0.12277330821977D+01   0.12850608907320D+01   0.13585714441732D+01   0.14514008529643D+01   0.15691371175540D+01   0.17206082296776D+01   0.19200559672572D+01   0.21896027428403D+01
 
  440.0000000   0.12379107917420D+01   0.12957208205882D+01   0.13698168056408D+01   0.14633278573693D+01   0.15818468493911D+01   0.17342117814881D+01   0.19346791282115D+01   0.22053358937418D+01
 
  440.0000000   0.12487451095329D+01   0.13070728994705D+01   0.13817979608154D+01   0.14760421761031D+01   0.15954043535956D+01   0.17487345310662D+01   0.19503073385672D+01   0.22221754331353D+01
 
  440.0000000   0.12605098804032D+01   0.13194075624359D+01   0.13948258617451D+01   0.14898794210852D+01   0.16101748033549D+01   0.17645774018039D+01   0.19673855777990D+01   0.22406208061514D+01
 
  440.0000000   0.12736450830514D+01   0.13331914486674D+01   0.14094001149291D+01   0.15053788060365D+01   0.16267448745642D+01   0.17823844563110D+01   0.19866286265075D+01   0.22614741993492D+01
 
  440.0000000   0.12889049342416D+01   0.13492248866368D+01   0.14263781017553D+01   0.15234664417772D+01   0.16461233770709D+01   0.18032650450800D+01   0.20092705731016D+01   0.22861249653703D+01
 
  440.0000000   0.18011427083486D+01   0.18622441971971D+01   0.19403362526019D+01   0.20385013278789D+01   0.21623707902304D+01   0.23208622786244D+01   0.25283550969477D+01   0.28067138002471D+01
 
  440.0000000   0.23029145573219D+01   0.23645521466015D+01   0.24432492035757D+01   0.25420388525737D+01   0.26665022920996D+01   0.28254816454005D+01   0.30332276280856D+01   0.33112379056363D+01
 
  440.0000000   0.22966637142611D+01   0.23585530344698D+01   0.24374882025763D+01   0.25364363811504D+01   0.26608968559437D+01   0.28195841823467D+01   0.30265333816257D+01   0.33027281943033D+01
 
  440.0000000   0.22870477257828D+01   0.23489977105348D+01   0.24279342894440D+01   0.25267570980825D+01   0.26508741231020D+01   0.28088554972438D+01   0.30144918629221D+01   0.32882216705601D+01
 
  440.0000000   0.22747082336116D+01   0.23365688612803D+01   0.24153213163739D+01   0.25137970479399D+01   0.26373054317636D+01   0.27942586484300D+01   0.29981796507585D+01   0.32689370198455D+01
 
  440.0000000   0.22600277778339D+01   0.23216738043543D+01   0.24000874086891D+01   0.24980319810693D+01   0.26207123060340D+01   0.27763711489321D+01   0.29782438028557D+01   0.32456083059750D+01
 
  440.0000000   0.22432225837776D+01   0.23045428162941D+01   0.23824798568599D+01   0.24797305718300D+01   0.26013900489858D+01   0.27555211432902D+01   0.29550528518822D+01   0.32186534381167D+01
 
  440.0000000   0.22244018930763D+01   0.22852921911569D+01   0.23626230707021D+01   0.24590280755576D+01   0.25794879209180D+01   0.27318750180042D+01   0.29287928484789D+01   0.31882798059838D+01
 
  440.0000000   0.22036077817851D+01   0.22639663988576D+01   0.23405635699181D+01   0.24359742809564D+01   0.25550603359173D+01   0.27054925954903D+01   0.28995281721129D+01   0.31545513839250D+01
 
  440.0000000   0.21808454276292D+01   0.22405698370987D+01   0.23163036370156D+01   0.24105694117075D+01   0.25281051718940D+01   0.26763677895902D+01   0.28672444241038D+01   0.31174346125714D+01
 
  440.0000000   0.21561026405059D+01   0.22150876469974D+01   0.22898253503829D+01   0.23827903030312D+01   0.24985904957604D+01   0.26444545739350D+01   0.28318734449882D+01   0.30768236810908D+01
 
  440.0000000   0.21293674833661D+01   0.21875034001735D+01   0.22611071289366D+01   0.23526053898209D+01   0.24664680822020D+01   0.26096798153695D+01   0.27933071832010D+01   0.30325547022584D+01
 
  440.0000000   0.21006326331604D+01   0.21578022163221D+01   0.22301230357598D+01   0.23199723716116D+01   0.24316715019282D+01   0.25719414324802D+01   0.27513903009363D+01   0.29843834415473D+01
 
  440.0000000   0.20698872329187D+01   0.21259612371379D+01   0.21968330582498D+01   0.22848313077762D+01   0.23941128065156D+01   0.25311034986698D+01   0.27058969308010D+01   0.29319240555826D+01
 
  440.0000000   0.20370974932854D+01   0.20919274936235D+01   0.21611565147726D+01   0.22470703904068D+01   0.23536380306530D+01   0.24869410593823D+01   0.26564692140576D+01   0.28745852622377D+01
 
  440.0000000   0.20021757706194D+01   0.20555807497818D+01   0.21229199656246D+01   0.22064536166284D+01   0.23099326505740D+01   0.24390279911727D+01   0.26025047766644D+01   0.28114719291651D+01
 
  440.0000000   0.19649229603001D+01   0.20166702646196D+01   0.20817928356888D+01   0.21625513339967D+01   0.22624396051776D+01   0.23866315144547D+01   0.25430119831152D+01   0.27411878484215D+01
 
  440.0000000   0.19249084777891D+01   0.19746889947782D+01   0.20371735619238D+01   0.21146183333161D+01   0.22102037027296D+01   0.23285033463745D+01   0.24763473806989D+01   0.26615382819004D+01
 
  440.0000000   0.18813038223229D+01   0.19286821513531D+01   0.19879473909568D+01   0.20612963817144D+01   0.21515198555861D+01   0.22624785119553D+01   0.23997755086108D+01   0.25690585533160D+01
 
  440.0000000   0.18325645829347D+01   0.18768842413208D+01   0.19320332919198D+01   0.20000858559370D+01   0.20833490772322D+01   0.21848392310233D+01   0.23087451083744D+01   0.24581540350513D+01
 
  440.0000000   0.17757057449053D+01   0.18159381920219D+01   0.18655498220944D+01   0.19263979361852D+01   0.20002003941845D+01   0.20890116521379D+01   0.21954794064222D+01   0.23197311075082D+01
 
  440.0000000   0.17046078613841D+01   0.17390777064180D+01   0.17808931531852D+01   0.18314904751485D+01   0.18918667444113D+01   0.19630269041886D+01   0.20460664235984D+01   0.21379339337081D+01
 
  440.0000000   0.16012043778045D+01   0.16265857167108D+01   0.16563134990525D+01   0.16910094444499D+01   0.17307258325193D+01   0.17752702618399D+01   0.18241571996693D+01   0.18715195913970D+01
 
  440.0000000   0.15379452890661D+01   0.15576420478322D+01   0.15798746642426D+01   0.16047293058846D+01   0.16317124125831D+01   0.16599805005307D+01   0.16882364514930D+01   0.17094052173904D+01
