60.60 9.0000e-06
58.60 9.0000e-06
56.50 1.5000e-05
54.40 2.8000e-05
52.20 5.2000e-05
50.00 1.0340e-05
47.70 2.1150e-04
45.50 4.4240e-04
43.30 9.1800e-04
41.10 1.7930e-03
39.00 3.1200e-03
36.90 4.5620e-03
34.80 5.5540e-03
32.80 5.7670e-03
30.90 5.1500e-03
29.00 4.0140e-03
27.10 2.7200e-03
25.20 1.7090e-03
23.40 1.0170e-03
21.50 5.5400e-04
19.70 1.9260e-04
17.90 5.2600e-05
16.10 2.7100e-05
14.40 1.8000e-05
12.50 1.2190e-05
10.70 1.0000e-10
10.00 1.000e-11
9.80 1.000e-11
9.60 1.000e-11
9.40 1.000e-11
9.20 1.000e-11
9.00 1.000e-11
8.80 1.000e-11
8.60 1.000e-11
8.40 1.000e-11
8.20 1.000e-11
8.00 1.000e-11
7.80 1.000e-11
7.60 1.000e-11
7.40 1.000e-11
7.20 1.000e-11
7.00 1.000e-11
6.80 1.000e-11
6.60 1.000e-11
6.40 1.000e-11
6.20 1.000e-11
6.00 1.000e-11
5.80 1.000e-11
5.60 1.000e-11
5.40 1.000e-11
5.20 1.000e-11
5.00 1.000e-11
4.80 1.000e-11
4.60 1.000e-11
4.40 1.000e-11
4.20 1.000e-11
4.00 1.000e-11
3.80 1.000e-11
3.60 1.000e-11
3.40 1.000e-11
3.20 1.000e-11
3.00 1.000e-11
2.801 1.000e-11
2.80 6.843e-09
2.60 6.843e-09
2.40 6.843e-09
2.20 6.843e-09
2.00 6.843e-09
1.80 6.843e-09
1.60 6.843e-09
1.40 6.843e-09
