 #  SCIATRAN 2.2 (DOM, spherical mode)
 #  Height resolved air mass factors for no2
 #  Spectral range:  440.000 -  440.000
 #  The number of spectral points:    1
 #  The number of altitude levels:  44
    10.000     9.800     9.600     9.400     9.200     9.000     8.800     8.600     8.400     8.200     8.000     7.800     7.600     7.400     7.200     7.000     6.800     6.600     6.400     6.200     6.000     5.800     5.600     5.400     5.200     5.000     4.800     4.600     4.400     4.200     4.000     3.800     3.600     3.400     3.200     3.000     2.800     2.600     2.400     2.200     2.000     1.800     1.600     1.400
 
  440.0000000   0.11077020970289D+01   0.11592263428786D+01   0.12256852396245D+01   0.13102294475493D+01   0.14183824386159D+01   0.15588697081506D+01   0.17457806314998D+01   0.20014335295086D+01
 
  440.0000000   0.11127745667867D+01   0.11645519946457D+01   0.12313224805972D+01   0.13162405071869D+01   0.14248386792282D+01   0.15658563206602D+01   0.17534030548432D+01   0.20098161010196D+01
 
  440.0000000   0.11226128877722D+01   0.11748759164088D+01   0.12422436441195D+01   0.13278772036634D+01   0.14373260333838D+01   0.15793549618546D+01   0.17681107408186D+01   0.20259624576352D+01
 
  440.0000000   0.11319258688149D+01   0.11846383546750D+01   0.12525581484027D+01   0.13388512497680D+01   0.14490813850951D+01   0.15920350633725D+01   0.17818901768959D+01   0.20410370014908D+01
 
  440.0000000   0.11408706190822D+01   0.11940060216155D+01   0.12624446530805D+01   0.13493559606852D+01   0.14603159812984D+01   0.16041299385954D+01   0.17950022130992D+01   0.20553356791212D+01
 
  440.0000000   0.11495700764325D+01   0.12031093390952D+01   0.12720428897428D+01   0.13595424822054D+01   0.14711949278595D+01   0.16158218685339D+01   0.18076505636636D+01   0.20690895029724D+01
 
  440.0000000   0.11581198982794D+01   0.12120497782130D+01   0.12814615636936D+01   0.13695283918031D+01   0.14818466580880D+01   0.16272526512551D+01   0.18199937209818D+01   0.20824782428610D+01
 
  440.0000000   0.11665954058770D+01   0.12209072122430D+01   0.12907862127274D+01   0.13794061756438D+01   0.14923721612284D+01   0.16385337448337D+01   0.18321562199576D+01   0.20956430883810D+01
 
  440.0000000   0.11750574798564D+01   0.12297461531854D+01   0.13000858650080D+01   0.13892503994196D+01   0.15028527747259D+01   0.16497548141509D+01   0.18442381090839D+01   0.21086972664618D+01
 
  440.0000000   0.11835565652790D+01   0.12386200214624D+01   0.13094176410728D+01   0.13991227249721D+01   0.15133557182035D+01   0.16609899157487D+01   0.18563219684192D+01   0.21217341591927D+01
 
  440.0000000   0.11921351454353D+01   0.12475737862805D+01   0.13188296010117D+01   0.14090750133414D+01   0.15239375120216D+01   0.16723013064989D+01   0.18684772055799D+01   0.21348322234588D+01
 
  440.0000000   0.12008310775804D+01   0.12566475289312D+01   0.13283645945502D+01   0.14191535356416D+01   0.15346486425873D+01   0.16837446864062D+01   0.18807660456933D+01   0.21480619791410D+01
 
  440.0000000   0.12096822314002D+01   0.12658813387080D+01   0.13380654739377D+01   0.14294045724823D+01   0.15455396303737D+01   0.16953758345265D+01   0.18932508590259D+01   0.21614941835458D+01
 
  440.0000000   0.12187318154742D+01   0.12753209361069D+01   0.13479810849519D+01   0.14398808630836D+01   0.15566680397352D+01   0.17072582927141D+01   0.19060026406302D+01   0.21752092638592D+01
 
  440.0000000   0.12280340703075D+01   0.12850237357832D+01   0.13581728135960D+01   0.14506487925832D+01   0.15681064749218D+01   0.17194723284017D+01   0.19191110578687D+01   0.21893086668094D+01
 
  440.0000000   0.12376620504876D+01   0.12950671259487D+01   0.13687235204864D+01   0.14617980832149D+01   0.15799531646835D+01   0.17321266394587D+01   0.19326976696386D+01   0.22039301467424D+01
 
  440.0000000   0.12477213663472D+01   0.13055630561811D+01   0.13797531657929D+01   0.14734586112564D+01   0.15923502312081D+01   0.17453785663213D+01   0.19469389974115D+01   0.22192748745704D+01
 
  440.0000000   0.12583734027361D+01   0.13166826279084D+01   0.13914450407643D+01   0.14858288117003D+01   0.16055149022810D+01   0.17594688050433D+01   0.19621054540573D+01   0.22356515013465D+01
 
  440.0000000   0.12698742595585D+01   0.13286973575289D+01   0.14040899083457D+01   0.14992237613117D+01   0.16197926855578D+01   0.17747806789486D+01   0.19786272735040D+01   0.22535495828191D+01
 
  440.0000000   0.12833163782816D+01   0.13427742799988D+01   0.14189512943281D+01   0.15150280390107D+01   0.16367215382024D+01   0.17930506300943D+01   0.19985050312293D+01   0.22753267197790D+01
 
  440.0000000   0.17955579151951D+01   0.18557227350216D+01   0.19327688059456D+01   0.20298827590743D+01   0.21528006692134D+01   0.23105661079851D+01   0.25176950643043D+01   0.27963878699163D+01
 
  440.0000000   0.23012484422510D+01   0.23620021408389D+01   0.24397504877505D+01   0.25376772454960D+01   0.26615086568967D+01   0.28202590783628D+01   0.30283712801083D+01   0.33078013175272D+01
 
  440.0000000   0.23016151279886D+01   0.23627691215815D+01   0.24409687179585D+01   0.25393946080635D+01   0.26637382808746D+01   0.28229371960616D+01   0.30312763284781D+01   0.33103113761272D+01
 
  440.0000000   0.22996114453184D+01   0.23610119864691D+01   0.24394637406991D+01   0.25381489526784D+01   0.26627074965699D+01   0.28219655161064D+01   0.30299890570849D+01   0.33078434101027D+01
 
  440.0000000   0.22959443199130D+01   0.23574823948021D+01   0.24360469512264D+01   0.25348258371500D+01   0.26593924367613D+01   0.28184301386949D+01   0.30257290009902D+01   0.33017872408056D+01
 
  440.0000000   0.22910016983458D+01   0.23525913353769D+01   0.24311596140948D+01   0.25299023235977D+01   0.26543127692647D+01   0.28129031178555D+01   0.30191356167396D+01   0.32928695851995D+01
 
  440.0000000   0.22849826998338D+01   0.23465473640335D+01   0.24250210118906D+01   0.25236097512456D+01   0.26477140408314D+01   0.28056481042347D+01   0.30104977804240D+01   0.32814099207320D+01
 
  440.0000000   0.22779801429525D+01   0.23394435948022D+01   0.24177202411102D+01   0.25160348062983D+01   0.26396823775180D+01   0.27967505518445D+01   0.29998956823382D+01   0.32674698931855D+01
 
  440.0000000   0.22700164138931D+01   0.23312985417867D+01   0.24092707988915D+01   0.25071829257860D+01   0.26302104040783D+01   0.27861831550866D+01   0.29872713936929D+01   0.32509425825727D+01
 
  440.0000000   0.22610605601319D+01   0.23220760920460D+01   0.23996391849538D+01   0.24970105985538D+01   0.26192278029725D+01   0.27738331544323D+01   0.29724607868947D+01   0.32316031563860D+01
 
  440.0000000   0.22510478412985D+01   0.23117014477175D+01   0.23887434674181D+01   0.24854137747401D+01   0.26065903105332D+01   0.27595007757011D+01   0.29552031162189D+01   0.32091217358916D+01
 
  440.0000000   0.22398877072691D+01   0.23000658177763D+01   0.23764442946991D+01   0.24722145174076D+01   0.25920727323908D+01   0.27429031005990D+01   0.29351448875818D+01   0.31830471796487D+01
 
  440.0000000   0.22274473741646D+01   0.22870103926684D+01   0.23625352175490D+01   0.24571555733669D+01   0.25753634257518D+01   0.27236628466031D+01   0.29118162890690D+01   0.31527680636999D+01
 
  440.0000000   0.22135248520466D+01   0.22722997065629D+01   0.23467229477497D+01   0.24398788592109D+01   0.25560316982178D+01   0.27012613423358D+01   0.28845806723988D+01   0.31174772982631D+01
 
  440.0000000   0.21978196814611D+01   0.22555912585403D+01   0.23285991802183D+01   0.24198956972594D+01   0.25334918949985D+01   0.26749936241181D+01   0.28525824631379D+01   0.30761193238863D+01
 
  440.0000000   0.21798920238888D+01   0.22363916896937D+01   0.23075949404905D+01   0.23965376195860D+01   0.25069481654363D+01   0.26439043294164D+01   0.28146713013233D+01   0.30273025106291D+01
 
  440.0000000   0.21591089748604D+01   0.22139987970468D+01   0.22829152220653D+01   0.23688735552263D+01   0.24752875365195D+01   0.26066615333106D+01   0.27692852125995D+01   0.29692273474477D+01
 
  440.0000000   0.21345535660249D+01   0.21874037714404D+01   0.22534330330614D+01   0.23355982928330D+01   0.24369639370192D+01   0.25614322185937D+01   0.27143026709104D+01   0.28995017651182D+01
 
  440.0000000   0.21048848665047D+01   0.21551414575672D+01   0.22175323172974D+01   0.22948903800425D+01   0.23898839781577D+01   0.25057771952417D+01   0.26468633222687D+01   0.28147973085888D+01
 
  440.0000000   0.20681029589585D+01   0.21150380405309D+01   0.21728317576025D+01   0.22440997126564D+01   0.23310493160820D+01   0.24362500372134D+01   0.25629473996634D+01   0.27104436589637D+01
 
  440.0000000   0.20210969141474D+01   0.20637290156458D+01   0.21156592338037D+01   0.21791465207327D+01   0.22558584171340D+01   0.23476131012541D+01   0.24565851319462D+01   0.25797409854527D+01
 
  440.0000000   0.19584610555893D+01   0.19953913907542D+01   0.20396821895299D+01   0.20930408080513D+01   0.21564979291965D+01   0.22310623856874D+01   0.23178353430336D+01   0.24116301978349D+01
 
  440.0000000   0.18652224740936D+01   0.18939163113056D+01   0.19273824609016D+01   0.19665133317812D+01   0.20115428114082D+01   0.20625349088418D+01   0.21194110740903D+01   0.21753048054940D+01
 
  440.0000000   0.18080838987606D+01   0.18318083315074D+01   0.18587947083967D+01   0.18894518719854D+01   0.19235627329607D+01   0.19606676448978D+01   0.20000462944762D+01   0.20341581317375D+01
