 #  SCIATRAN 2.2 (DOM, spherical mode)
 #  Height resolved air mass factors for no2
 #  Spectral range:  440.000 -  440.000
 #  The number of spectral points:    1
 #  The number of altitude levels:  51
    10.000     9.800     9.600     9.400     9.200     9.000     8.800     8.600     8.400     8.200     8.000     7.800     7.600     7.400     7.200     7.000     6.800     6.600     6.400     6.200     6.000     5.800     5.600     5.400     5.200     5.000     4.800     4.600     4.400     4.200     4.000     3.800     3.600     3.400     3.200     3.000     2.800     2.600     2.400     2.200     2.000     1.800     1.600     1.400     1.200     1.000     0.800     0.600     0.400     0.200     0.000
 
  440.0000000   0.11008306866353D+01   0.11517322150979D+01   0.12174237750341D+01   0.13010227620852D+01   0.14079401408401D+01   0.15466712569779D+01   0.17308508996882D+01   0.19823046372167D+01
 
  440.0000000   0.11054062552120D+01   0.11565475737247D+01   0.12225348185475D+01   0.13064897939353D+01   0.14138326309137D+01   0.15530722551030D+01   0.17378630654537D+01   0.19900510870942D+01
 
  440.0000000   0.11142694785371D+01   0.11658701057336D+01   0.12324233144902D+01   0.13170586171343D+01   0.14252129842048D+01   0.15654202978386D+01   0.17513707623302D+01   0.20049450621196D+01
 
  440.0000000   0.11226377198142D+01   0.11746622935688D+01   0.12417371205212D+01   0.13269974267298D+01   0.14358943607475D+01   0.15769828366260D+01   0.17639827779663D+01   0.20187982591274D+01
 
  440.0000000   0.11306554074274D+01   0.11830778038975D+01   0.12506414326453D+01   0.13364856331703D+01   0.14460736496922D+01   0.15879783649470D+01   0.17759446646110D+01   0.20318909428793D+01
 
  440.0000000   0.11384354193680D+01   0.11912367072819D+01   0.12592652958649D+01   0.13456633340314D+01   0.14559045290944D+01   0.15985773441375D+01   0.17874479161666D+01   0.20444415810231D+01
 
  440.0000000   0.11460654869380D+01   0.11992323165086D+01   0.12677089892732D+01   0.13546393853830D+01   0.14655063939034D+01   0.16089122007261D+01   0.17986413107839D+01   0.20566199415043D+01
 
  440.0000000   0.11536145912552D+01   0.12071379773293D+01   0.12760513069548D+01   0.13634992868160D+01   0.14749729794703D+01   0.16190868496381D+01   0.18096415323630D+01   0.20685590838305D+01
 
  440.0000000   0.11611383976259D+01   0.12150128321547D+01   0.12843557295812D+01   0.13723118502749D+01   0.14843796346205D+01   0.16291847051655D+01   0.18205420935095D+01   0.20803654249397D+01
 
  440.0000000   0.11686830247287D+01   0.12229058480003D+01   0.12926747784336D+01   0.13811339619170D+01   0.14937885938361D+01   0.16392745971940D+01   0.18314200791733D+01   0.20921265815328D+01
 
  440.0000000   0.11762874469000D+01   0.12308583858512D+01   0.13010527932722D+01   0.13900136184988D+01   0.15032523327271D+01   0.16494145212929D+01   0.18423403892024D+01   0.21039162441355D+01
 
  440.0000000   0.11839867465816D+01   0.12389076813606D+01   0.13095297016244D+01   0.13989940586452D+01   0.15128181545106D+01   0.16596568042565D+01   0.18533616560946D+01   0.21158011047903D+01
 
  440.0000000   0.11918165812325D+01   0.12470915708311D+01   0.13181460649336D+01   0.14081191965029D+01   0.15225340911504D+01   0.16700545722012D+01   0.18645434092481D+01   0.21278488806007D+01
 
  440.0000000   0.11998184313139D+01   0.12554540439699D+01   0.13269490090446D+01   0.14174400116223D+01   0.15324558488970D+01   0.16806693695522D+01   0.18759545169118D+01   0.21401377686541D+01
 
  440.0000000   0.12080455263731D+01   0.12640515589672D+01   0.13359990293074D+01   0.14270219635471D+01   0.15426549815376D+01   0.16915802858703D+01   0.18876835343711D+01   0.21527683992697D+01
 
  440.0000000   0.12165711555980D+01   0.12729618791554D+01   0.13453794850252D+01   0.14369552953353D+01   0.15532301886426D+01   0.17028964877385D+01   0.18998527921605D+01   0.21658799217020D+01
 
  440.0000000   0.12255031908354D+01   0.12822995013037D+01   0.13552131443472D+01   0.14473729702671D+01   0.15643269848780D+01   0.17147790525002D+01   0.19126429632147D+01   0.21796780807396D+01
 
  440.0000000   0.12350086230810D+01   0.12922416580055D+01   0.13656898813852D+01   0.14584805773241D+01   0.15761704598770D+01   0.17274773493924D+01   0.19263339705432D+01   0.21944818212679D+01
 
  440.0000000   0.12453545859596D+01   0.13030719251018D+01   0.13771136805438D+01   0.14706073836385D+01   0.15891211420628D+01   0.17413907344334D+01   0.19413739813449D+01   0.22108016216672D+01
 
  440.0000000   0.12572923463063D+01   0.13155918637966D+01   0.13903500816456D+01   0.14846983386977D+01   0.16042235361702D+01   0.17576912834948D+01   0.19591035170642D+01   0.22302035173631D+01
 
  440.0000000   0.17670301033826D+01   0.18259207609711D+01   0.19013980826977D+01   0.19965879599948D+01   0.21170844030716D+01   0.22716631082803D+01   0.24743334720757D+01   0.27467661083800D+01
 
  440.0000000   0.22689320151911D+01   0.23282158742899D+01   0.24041457095476D+01   0.24998184071137D+01   0.26207967219344D+01   0.27758028480671D+01   0.29787433255768D+01   0.32509980948773D+01
 
  440.0000000   0.22648280860530D+01   0.23242764430883D+01   0.24003597304925D+01   0.24961347021386D+01   0.26171054957085D+01   0.27718943525518D+01   0.29742260422861D+01   0.32450414977701D+01
 
  440.0000000   0.22581794929581D+01   0.23176348098972D+01   0.23936689090914D+01   0.24892996144479D+01   0.26099608513795D+01   0.27641531104007D+01   0.29653820705033D+01   0.32340874770658D+01
 
  440.0000000   0.22495812962905D+01   0.23089240765690D+01   0.23847556964618D+01   0.24800553790978D+01   0.26001771985599D+01   0.27534817600911D+01   0.29532243691993D+01   0.32192903727243D+01
 
  440.0000000   0.22393798990515D+01   0.22985119751199D+01   0.23740154996924D+01   0.24688315670272D+01   0.25882253749015D+01   0.27404001281931D+01   0.29383298887954D+01   0.32012947259284D+01
 
  440.0000000   0.22277606772393D+01   0.22865941641748D+01   0.23616574946136D+01   0.24558560998659D+01   0.25743564554533D+01   0.27251836438363D+01   0.29209926863544D+01   0.31804045641722D+01
 
  440.0000000   0.22147895231008D+01   0.22732389608817D+01   0.23477541585900D+01   0.24412070268222D+01   0.25586540960670D+01   0.27079185923347D+01   0.29012929097434D+01   0.31566803737571D+01
 
  440.0000000   0.22003895817873D+01   0.22583639718093D+01   0.23322199866249D+01   0.24247913547572D+01   0.25410113338196D+01   0.26884763084886D+01   0.28790715220746D+01   0.31299202406820D+01
 
  440.0000000   0.21841363025116D+01   0.22415194365659D+01   0.23145769000907D+01   0.24060954691851D+01   0.25208694951654D+01   0.26662406720679D+01   0.28536381791564D+01   0.30993445820733D+01
 
  440.0000000   0.21640924174364D+01   0.22207623108890D+01   0.22928461019685D+01   0.23831230563120D+01   0.24962239750612D+01   0.26391662040154D+01   0.28227856579613D+01   0.30623076278656D+01
 
  440.0000000   0.21447729707487D+01   0.22004689870867D+01   0.22711988086537D+01   0.23597530124568D+01   0.24705079795538D+01   0.26099628402065D+01   0.27879968820144D+01   0.30181219345193D+01
 
  440.0000000   0.21302225021186D+01   0.21847687996230D+01   0.22538967719759D+01   0.23403321212382D+01   0.24481111599547D+01   0.25830842136118D+01   0.27539592852340D+01   0.29720539869345D+01
 
  440.0000000   0.21151584199162D+01   0.21687423214156D+01   0.22364847704478D+01   0.23210452103061D+01   0.24261718995549D+01   0.25571869755933D+01   0.27218714264813D+01   0.29296784946889D+01
 
  440.0000000   0.20973666583937D+01   0.21499806685956D+01   0.22162923347135D+01   0.22989581160991D+01   0.24015002361633D+01   0.25288211373995D+01   0.26879777945418D+01   0.28869355341494D+01
 
  440.0000000   0.20773458238950D+01   0.21287028477608D+01   0.21932098798683D+01   0.22735043654214D+01   0.23728636573282D+01   0.24957484322034D+01   0.26484660533626D+01   0.28374696191692D+01
 
  440.0000000   0.20548695418979D+01   0.21047171157677D+01   0.21670923503871D+01   0.22445626323758D+01   0.23401287444439D+01   0.24577799370835D+01   0.26030453366502D+01   0.27807418723199D+01
 
  440.0000000   0.20301159230802D+01   0.20781693122745D+01   0.21380243373557D+01   0.22121347703778D+01   0.23031935543295D+01   0.24146912022257D+01   0.25513588883600D+01   0.27162437735122D+01
 
  440.0000000   0.20027603281997D+01   0.20486709715938D+01   0.21055316962417D+01   0.21756373935906D+01   0.22613333544699D+01   0.23655703488818D+01   0.24922418550555D+01   0.26424932191216D+01
 
  440.0000000   0.19722227939330D+01   0.20155547240551D+01   0.20688355334010D+01   0.21341392689900D+01   0.22134161635602D+01   0.23090330756143D+01   0.24240104165043D+01   0.25574869854466D+01
 
  440.0000000   0.19376311290503D+01   0.19778298560880D+01   0.20267946465962D+01   0.20862883129444D+01   0.21578145372410D+01   0.22431238347993D+01   0.23443648375926D+01   0.24586276649687D+01
 
  440.0000000   0.18977603952045D+01   0.19341078131953D+01   0.19778166038472D+01   0.20302187524180D+01   0.20923144977281D+01   0.21652152436678D+01   0.22502326236600D+01   0.23424654154581D+01
 
  440.0000000   0.18515707715418D+01   0.18831280636341D+01   0.19203663349317D+01   0.19640306294357D+01   0.20145522405440D+01   0.20723887907139D+01   0.21380835890819D+01   0.22049491830269D+01
 
  440.0000000   0.18026802687542D+01   0.18288480870577D+01   0.18588791916746D+01   0.18928908738907D+01   0.19307059949220D+01   0.19720841001291D+01   0.20167576652079D+01   0.20566730825533D+01
 
  440.0000000   0.17502723631926D+01   0.17726487784676D+01   0.17976407971648D+01   0.18249602068196D+01   0.18539789174682D+01   0.18838935038987D+01   0.19137205665076D+01   0.19348026103716D+01
 
  440.0000000   0.17090293536978D+01   0.17296857609340D+01   0.17524382715943D+01   0.17768052826859D+01   0.18019475200414D+01   0.18267875344200D+01   0.18499723659985D+01   0.18628541657144D+01
 
  440.0000000   0.16799476911398D+01   0.16991875021808D+01   0.17201640870501D+01   0.17422588318198D+01   0.17645106557637D+01   0.17856936959273D+01   0.18042624212187D+01   0.18117333698198D+01
 
  440.0000000   0.16450643774849D+01   0.16626904112051D+01   0.16816661504807D+01   0.17012615249109D+01   0.17204135620471D+01   0.17377716303981D+01   0.17516290713422D+01   0.17537281302942D+01
 
  440.0000000   0.16044706937579D+01   0.16202679008481D+01   0.16369958924182D+01   0.16538297350023D+01   0.16696200954247D+01   0.16829115378296D+01   0.16918642143623D+01   0.16885120681736D+01
 
  440.0000000   0.15560974488961D+01   0.15697421419318D+01   0.15838470551875D+01   0.15975167422694D+01   0.16095300353347D+01   0.16183396055982D+01   0.16219842884578D+01   0.16128736111117D+01
 
  440.0000000   0.15295480701097D+01   0.15420149953313D+01   0.15546903766406D+01   0.15666508848518D+01   0.15766432353253D+01   0.15830768547596D+01   0.15839313408109D+01   0.15718287112227D+01
