 #  SCIATRAN 2.2 (DOM, spherical mode)
 #  Height resolved air mass factors for no2
 #  Spectral range:  440.000 -  440.000
 #  The number of spectral points:    1
 #  The number of altitude levels:  44
    10.000     9.800     9.600     9.400     9.200     9.000     8.800     8.600     8.400     8.200     8.000     7.800     7.600     7.400     7.200     7.000     6.800     6.600     6.400     6.200     6.000     5.800     5.600     5.400     5.200     5.000     4.800     4.600     4.400     4.200     4.000     3.800     3.600     3.400     3.200     3.000     2.800     2.600     2.400     2.200     2.000     1.800     1.600     1.400
 
  440.0000000   0.11054071875023D+01   0.11567301930308D+01   0.12228265659652D+01   0.13073581026561D+01   0.14156881161517D+01   0.15557061514295D+01   0.17393261995916D+01   0.19889723122265D+01
 
  440.0000000   0.11119532657248D+01   0.11635771960735D+01   0.12300267053826D+01   0.13149553565320D+01   0.14237215470171D+01   0.15642103737991D+01   0.17483317652125D+01   0.19985023719048D+01
 
  440.0000000   0.11247132287490D+01   0.11769186444304D+01   0.12440499185755D+01   0.13297437072261D+01   0.14393481428174D+01   0.15807388103182D+01   0.17658165104322D+01   0.20169799587787D+01
 
  440.0000000   0.11369172723081D+01   0.11896694047348D+01   0.12574405355802D+01   0.13438495268992D+01   0.14542334186187D+01   0.15964571423996D+01   0.17824105494662D+01   0.20344686172417D+01
 
  440.0000000   0.11487604765388D+01   0.12020352533780D+01   0.12704170866712D+01   0.13575061352997D+01   0.14686275889825D+01   0.16116347467122D+01   0.17984050173163D+01   0.20512846484484D+01
 
  440.0000000   0.11603980385347D+01   0.12141798568294D+01   0.12831533327521D+01   0.13708989785052D+01   0.14827294252183D+01   0.16264854861510D+01   0.18140308973158D+01   0.20676787885441D+01
 
  440.0000000   0.11719536707189D+01   0.12262336597081D+01   0.12957877426492D+01   0.13841758021392D+01   0.14966972403495D+01   0.16411796366814D+01   0.18294720445973D+01   0.20838505504655D+01
 
  440.0000000   0.11835283951829D+01   0.12383031435834D+01   0.13084333020711D+01   0.13974570938074D+01   0.15106600475885D+01   0.16558558449196D+01   0.18448780291745D+01   0.20999620583965D+01
 
  440.0000000   0.11952083071213D+01   0.12504789937255D+01   0.13211861571495D+01   0.14108452727743D+01   0.15247273636260D+01   0.16706316118654D+01   0.18603753684538D+01   0.21161501078907D+01
 
  440.0000000   0.12070701623046D+01   0.12628420116811D+01   0.13341319189949D+01   0.14244314561869D+01   0.15389965130087D+01   0.16856112238491D+01   0.18760761942806D+01   0.21325357238196D+01
 
  440.0000000   0.12191853755637D+01   0.12754673431804D+01   0.13473501647723D+01   0.14383002761026D+01   0.15535578050731D+01   0.17008913364498D+01   0.18920842975981D+01   0.21492307350661D+01
 
  440.0000000   0.12316258464568D+01   0.12884306418131D+01   0.13609210092890D+01   0.14525369299724D+01   0.15685021415908D+01   0.17165692313579D+01   0.19085041513198D+01   0.21663477256455D+01
 
  440.0000000   0.12444728422789D+01   0.13018173987006D+01   0.13749349611549D+01   0.14672376312275D+01   0.15839321257931D+01   0.17327546475148D+01   0.19254535318093D+01   0.21840135123126D+01
 
  440.0000000   0.12578287119831D+01   0.13157352467979D+01   0.13895059238043D+01   0.14825233960586D+01   0.15999767193029D+01   0.17495853941657D+01   0.19430801839707D+01   0.22023869547576D+01
 
  440.0000000   0.12718319613205D+01   0.13303298482975D+01   0.14047880532171D+01   0.14985580142307D+01   0.16168104748686D+01   0.17672480153885D+01   0.19615841313836D+01   0.22216831746082D+01
 
  440.0000000   0.12866801194102D+01   0.13458089621727D+01   0.14210012514784D+01   0.15155751616792D+01   0.16346824608332D+01   0.17860087383632D+01   0.19812509073281D+01   0.22422093590224D+01
 
  440.0000000   0.13026691036392D+01   0.13624838514360D+01   0.14384749487076D+01   0.15339249229623D+01   0.16539659039615D+01   0.18062666414771D+01   0.20025087081728D+01   0.22644264033689D+01
 
  440.0000000   0.13202600473294D+01   0.13808395442112D+01   0.14577223547590D+01   0.15541526294372D+01   0.16752422249728D+01   0.18286435325397D+01   0.20260248430122D+01   0.22890527008993D+01
 
  440.0000000   0.13401926290054D+01   0.14016540988699D+01   0.14795669787308D+01   0.15771334220299D+01   0.16994443771775D+01   0.18541369335488D+01   0.20528695956233D+01   0.23172402844450D+01
 
  440.0000000   0.13636812751039D+01   0.14262050475988D+01   0.15053613945042D+01   0.16043048481064D+01   0.17281047456179D+01   0.18843849666742D+01   0.20848003142705D+01   0.23508805949155D+01
 
  440.0000000   0.18820490733905D+01   0.19457468511447D+01   0.20262599013360D+01   0.21266746242740D+01   0.22520157968920D+01   0.24098614460865D+01   0.26118123095644D+01   0.28792015733492D+01
 
  440.0000000   0.23829049039300D+01   0.24476345224748D+01   0.25292973876495D+01   0.26308820231708D+01   0.27573237189391D+01   0.29160844900201D+01   0.31185972023826D+01   0.33857369913504D+01
 
  440.0000000   0.23705886109550D+01   0.24360674359051D+01   0.25185249163609D+01   0.26208429027153D+01   0.27478443733575D+01   0.29068360296417D+01   0.31090163555985D+01   0.33746623672674D+01
 
  440.0000000   0.23530499521529D+01   0.24190364888302D+01   0.25020007721672D+01   0.26047254434557D+01   0.27319204877140D+01   0.28907317161518D+01   0.30921108901923D+01   0.33557232670104D+01
 
  440.0000000   0.23313427825448D+01   0.23976536528639D+01   0.24809062023444D+01   0.25837909700494D+01   0.27109047551191D+01   0.28692281350049D+01   0.30694562723548D+01   0.33306324930359D+01
 
  440.0000000   0.23061026135116D+01   0.23725904433506D+01   0.24559556719499D+01   0.25588042482593D+01   0.26856200198757D+01   0.28432146599392D+01   0.30420180663669D+01   0.33004439127414D+01
 
  440.0000000   0.22776877875259D+01   0.23442266854165D+01   0.24275546740121D+01   0.25302017904430D+01   0.26565395515030D+01   0.28132072238460D+01   0.30103608600589D+01   0.32657785724299D+01
 
  440.0000000   0.22462678116198D+01   0.23127437881704D+01   0.23958990382671D+01   0.24981981983899D+01   0.26239013498988D+01   0.27794713433048D+01   0.29747803611287D+01   0.32269661911617D+01
 
  440.0000000   0.22118770938559D+01   0.22781817633173D+01   0.23610365797455D+01   0.24628526541915D+01   0.25877794636297D+01   0.27420982762382D+01   0.29353846583655D+01   0.31841322278877D+01
 
  440.0000000   0.21744503884830D+01   0.22404766216789D+01   0.23229066431216D+01   0.24241097084478D+01   0.25481255418521D+01   0.27010483833907D+01   0.28921435599121D+01   0.31372579806302D+01
 
  440.0000000   0.21338477052360D+01   0.21994860950860D+01   0.22813658152298D+01   0.23818252802241D+01   0.25047956740017D+01   0.26561795027897D+01   0.28449194154710D+01   0.30862138825672D+01
 
  440.0000000   0.20898718734453D+01   0.21550073999295D+01   0.22362049800633D+01   0.23357853397510D+01   0.24575724249462D+01   0.26072713649472D+01   0.27934876991710D+01   0.30307679536186D+01
 
  440.0000000   0.20422741812960D+01   0.21067832787073D+01   0.21871572372482D+01   0.22857144893794D+01   0.24061721986285D+01   0.25540294114736D+01   0.27375340471178D+01   0.29705705826839D+01
 
  440.0000000   0.19907572203361D+01   0.20545050516692D+01   0.21339033401073D+01   0.22312777252498D+01   0.23502373667052D+01   0.24960653946966D+01   0.26766300406217D+01   0.29051320813189D+01
 
  440.0000000   0.19349887290222D+01   0.19978238638560D+01   0.20760765064914D+01   0.21720788798074D+01   0.22893281118470D+01   0.24328808658483D+01   0.26102045721707D+01   0.28337753886503D+01
 
  440.0000000   0.18746025350840D+01   0.19363479534353D+01   0.20132557178925D+01   0.21076502481435D+01   0.22229062226388D+01   0.23638374776887D+01   0.25374827527063D+01   0.27555183194816D+01
 
  440.0000000   0.18091468369825D+01   0.18695800829629D+01   0.19448819285376D+01   0.20373512540242D+01   0.21502188008064D+01   0.22880204694221D+01   0.24573085339786D+01   0.26688187770883D+01
 
  440.0000000   0.17378719703563D+01   0.17966776951316D+01   0.18699623693986D+01   0.19600306120950D+01   0.20699309143813D+01   0.22038359060996D+01   0.23676646692978D+01   0.25709508693152D+01
 
  440.0000000   0.16591594288764D+01   0.17158396304683D+01   0.17864169918763D+01   0.18733024595074D+01   0.19792952827126D+01   0.21080406454889D+01   0.22645411512154D+01   0.24566921017801D+01
 
  440.0000000   0.15692838174084D+01   0.16229881081488D+01   0.16897191521784D+01   0.17720293575914D+01   0.18723543257460D+01   0.19935957706591D+01   0.21394942826334D+01   0.23156986981492D+01
 
  440.0000000   0.14596248483185D+01   0.15087384052197D+01   0.15695100854866D+01   0.16445053639189D+01   0.17356299469779D+01   0.18448240056700D+01   0.19742755691868D+01   0.21266527909328D+01
 
  440.0000000   0.13088481333865D+01   0.13499939221305D+01   0.14003967699937D+01   0.14623342489470D+01   0.15369888339811D+01   0.16252011029330D+01   0.17275411439614D+01   0.18431136203439D+01
 
  440.0000000   0.10443616257589D+01   0.10690327704515D+01   0.10984113206841D+01   0.11337392785099D+01   0.11752365490980D+01   0.12226834534676D+01   0.12754163256355D+01   0.13301538413435D+01
 
  440.0000000   0.86937107679462D+00   0.88270330639069D+00   0.89774376511700D+00   0.91494330335834D+00   0.93397026970170D+00   0.95411075319791D+00   0.97424774435161D+00   0.99059070049004D+00
