 #  SCIATRAN 2.2 (DOM, spherical mode)
 #  Height resolved air mass factors for no2
 #  Spectral range:  440.000 -  440.000
 #  The number of spectral points:    1
 #  The number of altitude levels:  51
    10.000     9.800     9.600     9.400     9.200     9.000     8.800     8.600     8.400     8.200     8.000     7.800     7.600     7.400     7.200     7.000     6.800     6.600     6.400     6.200     6.000     5.800     5.600     5.400     5.200     5.000     4.800     4.600     4.400     4.200     4.000     3.800     3.600     3.400     3.200     3.000     2.800     2.600     2.400     2.200     2.000     1.800     1.600     1.400     1.200     1.000     0.800     0.600     0.400     0.200     0.000
 
  440.0000000   0.10900826067232D+01   0.11407416688070D+01   0.12060116987483D+01   0.12899960677928D+01   0.13979232050871D+01   0.15369605518237D+01   0.17171472965472D+01   0.19602407982874D+01
 
  440.0000000   0.10962244347434D+01   0.11471482843957D+01   0.12127295966951D+01   0.12970660391187D+01   0.14053826562237D+01   0.15448434296267D+01   0.17254833809181D+01   0.19690664165650D+01
 
  440.0000000   0.11081726848329D+01   0.11596067863913D+01   0.12257874546813D+01   0.13108005140851D+01   0.14198638145529D+01   0.15601338366272D+01   0.17416363773007D+01   0.19861446277788D+01
 
  440.0000000   0.11195532230404D+01   0.11714643069850D+01   0.12382043308732D+01   0.13238464262277D+01   0.14336004517745D+01   0.15746143154008D+01   0.17569029654999D+01   0.20022419533105D+01
 
  440.0000000   0.11305509235644D+01   0.11829153452734D+01   0.12501862105265D+01   0.13364231404587D+01   0.14468273012695D+01   0.15885371214545D+01   0.17715553597247D+01   0.20176542332466D+01
 
  440.0000000   0.11413116912151D+01   0.11941133747126D+01   0.12618955982474D+01   0.13487036692155D+01   0.14597294313216D+01   0.16021010554545D+01   0.17858079933702D+01   0.20326143732877D+01
 
  440.0000000   0.11519504756566D+01   0.12051793011306D+01   0.12734605100937D+01   0.13608242972610D+01   0.14724526107864D+01   0.16154626917426D+01   0.17998297542601D+01   0.20473058142708D+01
 
  440.0000000   0.11625595813150D+01   0.12162101700472D+01   0.12849835983614D+01   0.13728942343642D+01   0.14851136128527D+01   0.16287474455281D+01   0.18137558971638D+01   0.20618753934992D+01
 
  440.0000000   0.11732158219899D+01   0.12272866816409D+01   0.12965501163995D+01   0.13850040789270D+01   0.14978092208137D+01   0.16420591693692D+01   0.18276982941822D+01   0.20764443468016D+01
 
  440.0000000   0.11839854410060D+01   0.12384784261507D+01   0.13082336507837D+01   0.13972320368245D+01   0.15106229044085D+01   0.16554872951612D+01   0.18417531398228D+01   0.20911167663579D+01
 
  440.0000000   0.11949275107776D+01   0.12498474553694D+01   0.13200998490343D+01   0.14096478730815D+01   0.15236290759761D+01   0.16691114671507D+01   0.18560060081575D+01   0.21059851376040D+01
 
  440.0000000   0.12060987511026D+01   0.12614533461302D+01   0.13322117054443D+01   0.14223185283443D+01   0.15368991702499D+01   0.16830082124928D+01   0.18705392146816D+01   0.21211385243919D+01
 
  440.0000000   0.12175605613382D+01   0.12733605757264D+01   0.13446373660076D+01   0.14353163925195D+01   0.15505104192802D+01   0.16972602564327D+01   0.18854417288100D+01   0.21366731587104D+01
 
  440.0000000   0.12293878748755D+01   0.12856478033764D+01   0.13574599253081D+01   0.14487296788695D+01   0.15645568624059D+01   0.17119682324018D+01   0.19008216625154D+01   0.21527058094711D+01
 
  440.0000000   0.12416799060021D+01   0.12984191797841D+01   0.13707894114887D+01   0.14626751971669D+01   0.15791630293218D+01   0.17272654135688D+01   0.19168222182749D+01   0.21693911902228D+01
 
  440.0000000   0.12545760124319D+01   0.13118210148026D+01   0.13847804132413D+01   0.14773170861888D+01   0.15945039303283D+01   0.17433391288315D+01   0.19336447283858D+01   0.21869468921676D+01
 
  440.0000000   0.12682831677416D+01   0.13260706376475D+01   0.13996625955965D+01   0.14928992380639D+01   0.16108396554197D+01   0.17604678355414D+01   0.19515885608027D+01   0.22056966158167D+01
 
  440.0000000   0.12831225336841D+01   0.13415052920319D+01   0.14157923617877D+01   0.15098001407548D+01   0.16285738267743D+01   0.17790836562877D+01   0.19711183006090D+01   0.22261427509746D+01
 
  440.0000000   0.12996083740517D+01   0.13586649855705D+01   0.14337403919582D+01   0.15286258104512D+01   0.16483526548220D+01   0.17998783626936D+01   0.19929776078516D+01   0.22490893782523D+01
 
  440.0000000   0.13188012863030D+01   0.13786672817717D+01   0.14546930534605D+01   0.15506431885672D+01   0.16715369239352D+01   0.18243225443211D+01   0.20187671805693D+01   0.22762947844461D+01
 
  440.0000000   0.18346305063635D+01   0.18954306409494D+01   0.19725453232743D+01   0.20697005603016D+01   0.21918899780374D+01   0.23460319244455D+01   0.25418510251538D+01   0.28006631659692D+01
 
  440.0000000   0.23380830029713D+01   0.23997829510439D+01   0.24779245769783D+01   0.25761753246738D+01   0.26994733455266D+01   0.28546586366413D+01   0.30513322288143D+01   0.33104936065771D+01
 
  440.0000000   0.23319607940611D+01   0.23943863055276D+01   0.24733350518181D+01   0.25724131200135D+01   0.26964872031273D+01   0.28522895920428D+01   0.30492473692035D+01   0.33079184085655D+01
 
  440.0000000   0.23218133745690D+01   0.23847861835125D+01   0.24643252475953D+01   0.25639884520077D+01   0.26885693320114D+01   0.28446831494138D+01   0.30415644028745D+01   0.32992944792613D+01
 
  440.0000000   0.23085240197181D+01   0.23719130241435D+01   0.24518831192464D+01   0.25519559183501D+01   0.26768502168008D+01   0.28330555083566D+01   0.30295962086463D+01   0.32860460428513D+01
 
  440.0000000   0.22926242749691D+01   0.23563283532326D+01   0.24366100404438D+01   0.25369598738196D+01   0.26620197288085D+01   0.28181460391059D+01   0.30141390376632D+01   0.32690369755217D+01
 
  440.0000000   0.22744103885652D+01   0.23383458802542D+01   0.24188436576116D+01   0.25193629871354D+01   0.26444661218786D+01   0.28003702330557D+01   0.29956398813251D+01   0.32487503110995D+01
 
  440.0000000   0.22539964639459D+01   0.23180869910294D+01   0.23987140538307D+01   0.24993066366024D+01   0.26243443052546D+01   0.27798974161261D+01   0.29742807808208D+01   0.32253739718295D+01
 
  440.0000000   0.22312803466205D+01   0.22954489162447D+01   0.23761234836956D+01   0.24767010113747D+01   0.26015722103868D+01   0.27566473547525D+01   0.29499675649272D+01   0.31987796135870D+01
 
  440.0000000   0.22057076187760D+01   0.22698633395070D+01   0.23505042263548D+01   0.24509781392613D+01   0.25755758620286D+01   0.27300293186471D+01   0.29220743896420D+01   0.31683023845446D+01
 
  440.0000000   0.21726371400777D+01   0.22368383369912D+01   0.23175040167518D+01   0.24180189175886D+01   0.25425573167677D+01   0.26965970630763D+01   0.28874198216098D+01   0.31307475426977D+01
 
  440.0000000   0.21419124362707D+01   0.22059955451990D+01   0.22864083010076D+01   0.23866706260582D+01   0.25107290597482D+01   0.26635519013522D+01   0.28515212472862D+01   0.30887524229853D+01
 
  440.0000000   0.21204750102126D+01   0.21841320170131D+01   0.22638628260187D+01   0.23632328026229D+01   0.24858373912072D+01   0.26359527419568D+01   0.28187903376909D+01   0.30462706920658D+01
 
  440.0000000   0.20939295529016D+01   0.21572665788645D+01   0.22364037166355D+01   0.23349190419299D+01   0.24561214870090D+01   0.26037521539178D+01   0.27821444618202D+01   0.30013265198477D+01
 
  440.0000000   0.20607547129476D+01   0.21236239583678D+01   0.22019437618167D+01   0.22993620067509D+01   0.24189907821912D+01   0.25641959153057D+01   0.27387037485289D+01   0.29510769015953D+01
 
  440.0000000   0.20245046769174D+01   0.20864712464216D+01   0.21634490755450D+01   0.22591164215736D+01   0.23763717829025D+01   0.25181958589683D+01   0.26877052389756D+01   0.28919870221255D+01
 
  440.0000000   0.19830047982104D+01   0.20437354014951D+01   0.21189658588982D+01   0.22123483292637D+01   0.23265285481371D+01   0.24640579119869D+01   0.26273891209136D+01   0.28219559850181D+01
 
  440.0000000   0.19355615229272D+01   0.19946083061991D+01   0.20675016370242D+01   0.21578351978689D+01   0.22679601046490D+01   0.23999472076467D+01   0.25555246257049D+01   0.27382530324821D+01
 
  440.0000000   0.18801042246578D+01   0.19368334516752D+01   0.20065508661598D+01   0.20927415586653D+01   0.21974150417142D+01   0.23221161907610D+01   0.24678100902826D+01   0.26359592855051D+01
 
  440.0000000   0.18131011622402D+01   0.18665988358025D+01   0.19319457993126D+01   0.20124091620867D+01   0.21096108228279D+01   0.22245618579551D+01   0.23575104851065D+01   0.25076413167235D+01
 
  440.0000000   0.17287404395521D+01   0.17776730515971D+01   0.18369476699162D+01   0.19094189098862D+01   0.19962738832424D+01   0.20980266507473D+01   0.22143560218073D+01   0.23421244991791D+01
 
  440.0000000   0.16173067920441D+01   0.16596963730309D+01   0.17104471613573D+01   0.17717267204002D+01   0.18442271155690D+01   0.19280177223713D+01   0.20224043052785D+01   0.21221744211595D+01
 
  440.0000000   0.14621582729405D+01   0.14949636924189D+01   0.15335067186043D+01   0.15789481157619D+01   0.16314086267701D+01   0.16905552144983D+01   0.17555114229489D+01   0.18197943418738D+01
 
  440.0000000   0.12738511131764D+01   0.12946640474988D+01   0.13181575214571D+01   0.13444395956755D+01   0.13730197747743D+01   0.14031210511787D+01   0.14336519025753D+01   0.14581119101765D+01
 
  440.0000000   0.10851064749679D+01   0.10975038680210D+01   0.11105320469109D+01   0.11237372797093D+01   0.11362251191436D+01   0.11468503724778D+01   0.11542146726119D+01   0.11526946504041D+01
 
  440.0000000   0.95936782407525D+00   0.96863990017302D+00   0.97787278806363D+00   0.98646969244926D+00   0.99341903665030D+00   0.99744880257656D+00   0.99702025397271D+00   0.98735251228165D+00
 
  440.0000000   0.88668251084625D+00   0.89392778840945D+00   0.90078464636857D+00   0.90659275351061D+00   0.91032778796118D+00   0.91072228413990D+00   0.90626029067852D+00   0.89275900392751D+00
 
  440.0000000   0.80555365425851D+00   0.81063412477631D+00   0.81498325554915D+00   0.81793322717100D+00   0.81848871684317D+00   0.81543074304027D+00   0.80731542846494D+00   0.79059723344039D+00
 
  440.0000000   0.71519967436828D+00   0.71791932365574D+00   0.71955922447731D+00   0.71948738881701D+00   0.71677831286209D+00   0.71031015155364D+00   0.69877131301001D+00   0.67931236967909D+00
 
  440.0000000   0.61126060751548D+00   0.61127343877445D+00   0.60983980564295D+00   0.60640715049683D+00   0.60017227966375D+00   0.59017771414765D+00   0.57533067296572D+00   0.55358307094487D+00
 
  440.0000000   0.55506972769865D+00   0.55361615153603D+00   0.55052682854266D+00   0.54530010977419D+00   0.53720919905567D+00   0.52539869789168D+00   0.50891095705007D+00   0.48613365701367D+00
