 #  SCIATRAN 2.2 (DOM, spherical mode)
 #  Height resolved air mass factors for no2
 #  Spectral range:  440.000 -  440.000
 #  The number of spectral points:    1
 #  The number of altitude levels:  44
    10.000     9.800     9.600     9.400     9.200     9.000     8.800     8.600     8.400     8.200     8.000     7.800     7.600     7.400     7.200     7.000     6.800     6.600     6.400     6.200     6.000     5.800     5.600     5.400     5.200     5.000     4.800     4.600     4.400     4.200     4.000     3.800     3.600     3.400     3.200     3.000     2.800     2.600     2.400     2.200     2.000     1.800     1.600     1.400
 
  440.0000000   0.11076660023597D+01   0.11592133104034D+01   0.12257038501659D+01   0.13103540752231D+01   0.14186797722331D+01   0.15593275508117D+01   0.17461640782557D+01   0.20016333873550D+01
 
  440.0000000   0.11126322692749D+01   0.11644357439828D+01   0.12312397604595D+01   0.13162634076176D+01   0.14250297837887D+01   0.15661965971316D+01   0.17536466363121D+01   0.20098377209330D+01
 
  440.0000000   0.11222616632770D+01   0.11745566396687D+01   0.12419617239235D+01   0.13277002923217D+01   0.14373087593407D+01   0.15794651073043D+01   0.17680813918670D+01   0.20256376271952D+01
 
  440.0000000   0.11313715290870D+01   0.11841217685329D+01   0.12520828360177D+01   0.13384806703786D+01   0.14488626780509D+01   0.15919236827753D+01   0.17815996811869D+01   0.20403831576635D+01
 
  440.0000000   0.11401169320465D+01   0.11932958813275D+01   0.12617798015448D+01   0.13487958685677D+01   0.14599006701973D+01   0.16038031820467D+01   0.17944591494990D+01   0.20543656428017D+01
 
  440.0000000   0.11486192241692D+01   0.12022078952561D+01   0.12711909085013D+01   0.13587955948770D+01   0.14705863039921D+01   0.16152840649439D+01   0.18068610983615D+01   0.20678126033818D+01
 
  440.0000000   0.11569728946034D+01   0.12109581867723D+01   0.12804238376802D+01   0.13685964245097D+01   0.14810469436960D+01   0.16265068474462D+01   0.18189622913276D+01   0.20809012647440D+01
 
  440.0000000   0.11652524270251D+01   0.12196258553245D+01   0.12895634058927D+01   0.13782901466235D+01   0.14913828468704D+01   0.16375821152412D+01   0.18308860679427D+01   0.20937710072787D+01
 
  440.0000000   0.11735180995909D+01   0.12282748718974D+01   0.12986781554079D+01   0.13879508753559D+01   0.15016748894142D+01   0.16485989800041D+01   0.18427316902423D+01   0.21065338118589D+01
 
  440.0000000   0.11818199713468D+01   0.12369583340809D+01   0.13078249449904D+01   0.13976400582089D+01   0.15119900916033D+01   0.16596312515565D+01   0.18545813337263D+01   0.21192823204301D+01
 
  440.0000000   0.11902003507980D+01   0.12457211041026D+01   0.13170517974484D+01   0.14074095818808D+01   0.15223850406724D+01   0.16707412489712D+01   0.18665043785405D+01   0.21320947343290D+01
 
  440.0000000   0.11986971475052D+01   0.12546033935856D+01   0.13264017770108D+01   0.14173060165871D+01   0.15329105950745D+01   0.16819850852186D+01   0.18785634379742D+01   0.21450418266813D+01
 
  440.0000000   0.12073484881614D+01   0.12636456448565D+01   0.13359181954416D+01   0.14273762168914D+01   0.15436179612786D+01   0.16934193161143D+01   0.18908216963253D+01   0.21581951131696D+01
 
  440.0000000   0.12161980458057D+01   0.12728941682520D+01   0.13456506267338D+01   0.14376737980195D+01   0.15545657305278D+01   0.17051086549945D+01   0.19033514444486D+01   0.21716363859988D+01
 
  440.0000000   0.12253008331806D+01   0.12824073204463D+01   0.13556615721319D+01   0.14482664311025D+01   0.15658279696098D+01   0.17171350400370D+01   0.19162443154119D+01   0.21854694100640D+01
 
  440.0000000   0.12347311128531D+01   0.12922639387985D+01   0.13660356016652D+01   0.14592458777229D+01   0.15775053363182D+01   0.17296100036327D+01   0.19296250356561D+01   0.21998353051859D+01
 
  440.0000000   0.12445963189486D+01   0.13025781576658D+01   0.13768952834102D+01   0.14707452100913D+01   0.15897438613689D+01   0.17426954898559D+01   0.19436751189115D+01   0.22149402054147D+01
 
  440.0000000   0.12550605646943D+01   0.13135243462078D+01   0.13884277628451D+01   0.14829675259085D+01   0.16027664393890D+01   0.17566389157495D+01   0.19586724931466D+01   0.22311006260800D+01
 
  440.0000000   0.12663834074632D+01   0.13253785201853D+01   0.14009301504941D+01   0.14962360181554D+01   0.16169281735662D+01   0.17718343277075D+01   0.19750589220316D+01   0.22488182770207D+01
 
  440.0000000   0.12799322947481D+01   0.13396072832428D+01   0.14159985275907D+01   0.15123077171402D+01   0.16341885141790D+01   0.17905023782900D+01   0.19954031825916D+01   0.22711330300444D+01
 
  440.0000000   0.17913014231997D+01   0.18517366473822D+01   0.19290624564300D+01   0.20264793162964D+01   0.21496563331248D+01   0.23074748092864D+01   0.25141060234828D+01   0.27917308502529D+01
 
  440.0000000   0.22934029738291D+01   0.23544255556378D+01   0.24324471481271D+01   0.25306563008324D+01   0.26546988104050D+01   0.28134027864767D+01   0.30208227413355D+01   0.32988148398457D+01
 
  440.0000000   0.22883655255192D+01   0.23497203036827D+01   0.24280999853157D+01   0.25266821150293D+01   0.26510542114300D+01   0.28099236506972D+01   0.30171088855290D+01   0.32939362275911D+01
 
  440.0000000   0.22803529897872D+01   0.23418382172075D+01   0.24203146828990D+01   0.25189543982823D+01   0.26432622145865D+01   0.28017758707406D+01   0.30079922216828D+01   0.32825910027569D+01
 
  440.0000000   0.22702067588943D+01   0.23316786803619D+01   0.24100672573339D+01   0.25085414243860D+01   0.26325038296747D+01   0.27902836646083D+01   0.29949878714581D+01   0.32665571521313D+01
 
  440.0000000   0.22583352542990D+01   0.23196748459996D+01   0.23978175098995D+01   0.24959373153018D+01   0.26193194145935D+01   0.27760515602466D+01   0.29787921117650D+01   0.32466555950961D+01
 
  440.0000000   0.22449081683231D+01   0.23060050901533D+01   0.23837542341314D+01   0.24813427212925D+01   0.26039234901245D+01   0.27593113016863D+01   0.29596598130761D+01   0.32231688064236D+01
 
  440.0000000   0.22299620417025D+01   0.22907082230223D+01   0.23679288156878D+01   0.24648128378285D+01   0.25863631868237D+01   0.27400924197192D+01   0.29376014656147D+01   0.31960916057889D+01
 
  440.0000000   0.22134628275336D+01   0.22737472860274D+01   0.23503113567609D+01   0.24463103079380D+01   0.25665759294221D+01   0.27182943766246D+01   0.29124803009184D+01   0.31652613027054D+01
 
  440.0000000   0.21953412240955D+01   0.22550422619225D+01   0.23308060349662D+01   0.24257155296253D+01   0.25444099413150D+01   0.26937263258576D+01   0.28840639831720D+01   0.31304001433766D+01
 
  440.0000000   0.21755011934485D+01   0.22344786685624D+01   0.23092592004257D+01   0.24028372912554D+01   0.25196399479740D+01   0.26661274760967D+01   0.28520429886464D+01   0.30911221981233D+01
 
  440.0000000   0.21538125935065D+01   0.22119045323772D+01   0.22854766094397D+01   0.23774387309648D+01   0.24919872646331D+01   0.26351727393509D+01   0.28160293230343D+01   0.30469445336343D+01
 
  440.0000000   0.21300946831758D+01   0.21871143931572D+01   0.22592123605896D+01   0.23492269951345D+01   0.24611052160005D+01   0.26004513770105D+01   0.27755319710903D+01   0.29972690529607D+01
 
  440.0000000   0.21040962200912D+01   0.21598274559140D+01   0.22301423656618D+01   0.23178231163413D+01   0.24265470483505D+01   0.25614340325948D+01   0.27299225170677D+01   0.29413468341264D+01
 
  440.0000000   0.20754787463308D+01   0.21296693315202D+01   0.21978441714616D+01   0.22827379753866D+01   0.23877365464193D+01   0.25174383607201D+01   0.26783999653955D+01   0.28782477489730D+01
 
  440.0000000   0.20437899649499D+01   0.20961432697417D+01   0.21617635612364D+01   0.22433276149956D+01   0.23439081760752D+01   0.24675585902338D+01   0.26199312585061D+01   0.28068370765298D+01
 
  440.0000000   0.20084305490427D+01   0.20585942363616D+01   0.21211772019455D+01   0.21987673784167D+01   0.22941008616157D+01   0.24106703915428D+01   0.25532247906073D+01   0.27256711424827D+01
 
  440.0000000   0.19685928102691D+01   0.20161431869456D+01   0.20751236498251D+01   0.21479908498171D+01   0.22371115077173D+01   0.23453902036573D+01   0.24766555695152D+01   0.26328453697519D+01
 
  440.0000000   0.19231636955733D+01   0.19675837820457D+01   0.20222872188484D+01   0.20895390855263D+01   0.21712964088908D+01   0.22698429577828D+01   0.23880681784188D+01   0.25259138024878D+01
 
  440.0000000   0.18705691735102D+01   0.19112161392311D+01   0.19608179200449D+01   0.20213623734569D+01   0.20943515965621D+01   0.21814209874465D+01   0.22845205055399D+01   0.24016292152538D+01
 
  440.0000000   0.18084446621907D+01   0.18444940826689D+01   0.18879521107112D+01   0.19404189184943D+01   0.20028899135533D+01   0.20763262639526D+01   0.21617507057962D+01   0.22553016072265D+01
 
  440.0000000   0.17327704175967D+01   0.17630977882054D+01   0.17990054228156D+01   0.18415713057609D+01   0.18912229537381D+01   0.19482178990950D+01   0.20126677488023D+01   0.20791226293819D+01
 
  440.0000000   0.16321684552773D+01   0.16547917129854D+01   0.16806791752224D+01   0.17102200640160D+01   0.17431729267027D+01   0.17790080112277D+01   0.18168638041501D+01   0.18501803903311D+01
 
  440.0000000   0.15734368552244D+01   0.15915459871278D+01   0.16115985988631D+01   0.16335927267380D+01   0.16569186711982D+01   0.16806195823521D+01   0.17033128689428D+01   0.17180404654899D+01
