 #  SCIATRAN 2.2 (DOM, spherical mode)
 #  Height resolved air mass factors for no2
 #  Spectral range:  440.000 -  440.000
 #  The number of spectral points:    1
 #  The number of altitude levels:  44
    10.000     9.800     9.600     9.400     9.200     9.000     8.800     8.600     8.400     8.200     8.000     7.800     7.600     7.400     7.200     7.000     6.800     6.600     6.400     6.200     6.000     5.800     5.600     5.400     5.200     5.000     4.800     4.600     4.400     4.200     4.000     3.800     3.600     3.400     3.200     3.000     2.800     2.600     2.400     2.200     2.000     1.800     1.600     1.400
 
  440.0000000   0.11068614289639D+01   0.11582845406295D+01   0.12246051995944D+01   0.13090159054086D+01   0.14170020052188D+01   0.15571623516987D+01   0.17432807964610D+01   0.19976253417261D+01
 
  440.0000000   0.11120562084463D+01   0.11637471726516D+01   0.12303950871865D+01   0.13151944075953D+01   0.14236373842657D+01   0.15643335367240D+01   0.17510822995795D+01   0.20061621707137D+01
 
  440.0000000   0.11221457652736D+01   0.11743517369031D+01   0.12416284203658D+01   0.13271732296675D+01   0.14364909472249D+01   0.15782105601608D+01   0.17661597951632D+01   0.20226329406412D+01
 
  440.0000000   0.11317247328320D+01   0.11844098906932D+01   0.12522707534303D+01   0.13385059616000D+01   0.14486305557338D+01   0.15912896710628D+01   0.17803342167471D+01   0.20380648536851D+01
 
  440.0000000   0.11409532980753D+01   0.11940917865106D+01   0.12625045638666D+01   0.13493900705628D+01   0.14602718219945D+01   0.16038085226635D+01   0.17938703034984D+01   0.20527565233783D+01
 
  440.0000000   0.11499575976387D+01   0.12035313732247D+01   0.12724734599104D+01   0.13599808983989D+01   0.14715842768172D+01   0.16159538709198D+01   0.18069759782453D+01   0.20669423171324D+01
 
  440.0000000   0.11588367345550D+01   0.12128338762223D+01   0.12822902385112D+01   0.13704004351154D+01   0.14827010232433D+01   0.16278723102095D+01   0.18198144231749D+01   0.20808061424126D+01
 
  440.0000000   0.11676699269428D+01   0.12220833748464D+01   0.12920449899637D+01   0.13807460602443D+01   0.14937282422656D+01   0.16396806978652D+01   0.18325156181501D+01   0.20944943500398D+01
 
  440.0000000   0.11765226826733D+01   0.12313493411452D+01   0.13018120837720D+01   0.13910980672842D+01   0.15047533612944D+01   0.16514750927827D+01   0.18451862063299D+01   0.21081267243509D+01
 
  440.0000000   0.11854511533450D+01   0.12406912824788D+01   0.13116551715661D+01   0.14015251106375D+01   0.15158510474777D+01   0.16633374261096D+01   0.18579170187765D+01   0.21218051135331D+01
 
  440.0000000   0.11945050667795D+01   0.12501618684049D+01   0.13216305541009D+01   0.14120878647425D+01   0.15270872202859D+01   0.16753399422845D+01   0.18707880399983D+01   0.21356190489908D+01
 
  440.0000000   0.12037318351333D+01   0.12598113130354D+01   0.13317919066559D+01   0.14228441722004D+01   0.15385247204237D+01   0.16875515156086D+01   0.18838755454952D+01   0.21496539509371D+01
 
  440.0000000   0.12131825045247D+01   0.12696936610523D+01   0.13421969769004D+01   0.14338562321365D+01   0.15502310781355D+01   0.17000461054220D+01   0.18972613777695D+01   0.21640013821098D+01
 
  440.0000000   0.12229191936600D+01   0.12798746471040D+01   0.13529159599946D+01   0.14451995888997D+01   0.15622882271692D+01   0.17129133300254D+01   0.19110445513680D+01   0.21787718841526D+01
 
  440.0000000   0.12330241462545D+01   0.12904413073294D+01   0.13640418041106D+01   0.14569742775435D+01   0.15748046656780D+01   0.17262718676050D+01   0.19253561990762D+01   0.21941118749211D+01
 
  440.0000000   0.12436130437543D+01   0.13015160891114D+01   0.13757053032355D+01   0.14693210942704D+01   0.15879331329442D+01   0.17402888260156D+01   0.19403810169413D+01   0.22102276489252D+01
 
  440.0000000   0.12548580471235D+01   0.13132812644207D+01   0.13881012041526D+01   0.14824497343372D+01   0.16019011761615D+01   0.17552132403207D+01   0.19563943655005D+01   0.22274269338503D+01
 
  440.0000000   0.12670268200891D+01   0.13260202447660D+01   0.14015323467146D+01   0.14966863099783D+01   0.16170626933172D+01   0.17714324526858D+01   0.19738245702868D+01   0.22461884567739D+01
 
  440.0000000   0.12805487736095D+01   0.13401876718720D+01   0.14164843772573D+01   0.15125536895272D+01   0.16339850932690D+01   0.17895675477247D+01   0.19933584772284D+01   0.22672798620392D+01
 
  440.0000000   0.12961624795524D+01   0.13565659819927D+01   0.14337937013697D+01   0.15309532488478D+01   0.16536478333516D+01   0.18106926453500D+01   0.20161870758373D+01   0.22920368859927D+01
 
  440.0000000   0.18090850552692D+01   0.18702754596009D+01   0.19484471373474D+01   0.20466890968459D+01   0.21706023932030D+01   0.23290033935287D+01   0.25359911981155D+01   0.28133566405353D+01
 
  440.0000000   0.23123096433302D+01   0.23740842931554D+01   0.24529221175033D+01   0.25518677769785D+01   0.26764780745165D+01   0.28355028463331D+01   0.30429276418935D+01   0.33202056873027D+01
 
  440.0000000   0.23080259773126D+01   0.23701341430039D+01   0.24493150961591D+01   0.25485551821664D+01   0.26733393172525D+01   0.28323052069107D+01   0.30392484493602D+01   0.33151524516452D+01
 
  440.0000000   0.23005655400030D+01   0.23628324858373D+01   0.24421409886463D+01   0.25414183911558D+01   0.26660697520474D+01   0.28246059443649D+01   0.30306073828193D+01   0.33045600435445D+01
 
  440.0000000   0.22905590529036D+01   0.23528492476260D+01   0.24321184993092D+01   0.25312354762953D+01   0.26555191724971D+01   0.28133415940824D+01   0.30180469482439D+01   0.32896022043448D+01
 
  440.0000000   0.22783878241165D+01   0.23405896737449D+01   0.24196824072541D+01   0.25184775932022D+01   0.26422031553715D+01   0.27990817725378D+01   0.30022027367542D+01   0.32709955755341D+01
 
  440.0000000   0.22642731785741D+01   0.23262890294029D+01   0.24050846522768D+01   0.25034174798114D+01   0.26264203360487D+01   0.27821573334772D+01   0.29834459660368D+01   0.32491609980674D+01
 
  440.0000000   0.22483338355249D+01   0.23100733986057D+01   0.23884594393308D+01   0.24862000078729D+01   0.26083295225899D+01   0.27627448315444D+01   0.29619751741445D+01   0.32243217769026D+01
 
  440.0000000   0.22306236494613D+01   0.22919997468357D+01   0.23698668645342D+01   0.24668899937428D+01   0.25880019225458D+01   0.27409228006196D+01   0.29378751976758D+01   0.31965639203297D+01
 
  440.0000000   0.22111594940426D+01   0.22720854211501D+01   0.23493253516456D+01   0.24455069110412D+01   0.25654571997073D+01   0.27167086860774D+01   0.29111560060836D+01   0.31658792011541D+01
 
  440.0000000   0.21899405057510D+01   0.22503279752758D+01   0.23268315765762D+01   0.24220437487899D+01   0.25406805586488D+01   0.26900749246106D+01   0.28817715901445D+01   0.31321904448865D+01
 
  440.0000000   0.21669654669909D+01   0.22267219169300D+01   0.23023736427731D+01   0.23964786680875D+01   0.25136353612616D+01   0.26609634816291D+01   0.28496333291661D+01   0.30953562382709D+01
 
  440.0000000   0.21422333813014D+01   0.22012588319032D+01   0.22759319996173D+01   0.23687785126910D+01   0.24842693857330D+01   0.26292910407430D+01   0.28146026748389D+01   0.30551375572754D+01
 
  440.0000000   0.21157347843495D+01   0.21739172659218D+01   0.22474686725571D+01   0.23388872682308D+01   0.24525011189398D+01   0.25949295220958D+01   0.27764586729711D+01   0.30111439452472D+01
 
  440.0000000   0.20874323775071D+01   0.21446393739814D+01   0.22168944198299D+01   0.23066805757645D+01   0.24181604123721D+01   0.25576352918331D+01   0.27348249029680D+01   0.29627643844788D+01
 
  440.0000000   0.20572225650714D+01   0.21132860031062D+01   0.21840112914732D+01   0.22718931020129D+01   0.23808990812679D+01   0.25169427792518D+01   0.26890484758680D+01   0.29090302551932D+01
 
  440.0000000   0.20248583467462D+01   0.20795544910476D+01   0.21484366138618D+01   0.22340392865022D+01   0.23400936928651D+01   0.24720329021217D+01   0.26380186243409D+01   0.28483764063436D+01
 
  440.0000000   0.19897974772939D+01   0.20428162787346D+01   0.21094400313394D+01   0.21922257609153D+01   0.22946069429518D+01   0.24214289366822D+01   0.25798122994213D+01   0.27782684829044D+01
 
  440.0000000   0.19509734107964D+01   0.20018518023147D+01   0.20655986391429D+01   0.21447320346215D+01   0.22423069102749D+01   0.23624635788222D+01   0.25111049613276D+01   0.26945371079631D+01
 
  440.0000000   0.19063189044398D+01   0.19543191237561D+01   0.20141714028350D+01   0.20883013796306D+01   0.21792849334667D+01   0.22904124990721D+01   0.24261612923319D+01   0.25901606571635D+01
 
  440.0000000   0.18516846261957D+01   0.18955964262992D+01   0.19498777665976D+01   0.20167674720751D+01   0.20982447026979D+01   0.21966169016831D+01   0.23147900056702D+01   0.24532421690669D+01
 
  440.0000000   0.17783012744088D+01   0.18160667039242D+01   0.18620167664204D+01   0.19179556933008D+01   0.19851100347798D+01   0.20647011892400D+01   0.21580486353530D+01   0.22622165677035D+01
 
  440.0000000   0.16598100452438D+01   0.16871623478376D+01   0.17193108100353D+01   0.17571236599224D+01   0.18007963696989D+01   0.18502787537229D+01   0.19052535345900D+01   0.19598433773867D+01
 
  440.0000000   0.15841950788961D+01   0.16048594490676D+01   0.16282322126341D+01   0.16545493354967D+01   0.16833985461363D+01   0.17140272519644D+01   0.17452682020973D+01   0.17700314061484D+01
