 #  SCIATRAN 2.2 (DOM, spherical mode)
 #  Height resolved air mass factors for no2
 #  Spectral range:  440.000 -  440.000
 #  The number of spectral points:    1
 #  The number of altitude levels:  51
    10.000     9.800     9.600     9.400     9.200     9.000     8.800     8.600     8.400     8.200     8.000     7.800     7.600     7.400     7.200     7.000     6.800     6.600     6.400     6.200     6.000     5.800     5.600     5.400     5.200     5.000     4.800     4.600     4.400     4.200     4.000     3.800     3.600     3.400     3.200     3.000     2.800     2.600     2.400     2.200     2.000     1.800     1.600     1.400     1.200     1.000     0.800     0.600     0.400     0.200     0.000
 
  440.0000000   0.10982099384085D+01   0.11490315409253D+01   0.12145665071269D+01   0.12982579247252D+01   0.14054685665505D+01   0.15442248957765D+01   0.17267531552648D+01   0.19745615929405D+01
 
  440.0000000   0.11035594910191D+01   0.11546381401323D+01   0.12204855415899D+01   0.13045456697477D+01   0.14121863289893D+01   0.15514415836351D+01   0.17345480973055D+01   0.19830270214587D+01
 
  440.0000000   0.11139461840404D+01   0.11655187538177D+01   0.12319661074770D+01   0.13167331669106D+01   0.14251967262715D+01   0.15654045124717D+01   0.17496117192362D+01   0.19993602717351D+01
 
  440.0000000   0.11237996327330D+01   0.11758311328287D+01   0.12428351878725D+01   0.13282561596366D+01   0.14374779130894D+01   0.15785590947056D+01   0.17637693122777D+01   0.20146621679928D+01
 
  440.0000000   0.11332837014283D+01   0.11857487047694D+01   0.12532779721088D+01   0.13393140497333D+01   0.14492463596244D+01   0.15911423249826D+01   0.17772827573043D+01   0.20292255584203D+01
 
  440.0000000   0.11425269786227D+01   0.11954075331677D+01   0.12634397167096D+01   0.13500631934440D+01   0.14606717421356D+01   0.16033398875084D+01   0.17903571424406D+01   0.20432796495882D+01
 
  440.0000000   0.11516299374804D+01   0.12049139223223D+01   0.12734339003979D+01   0.13606257301320D+01   0.14718865927358D+01   0.16152968089325D+01   0.18031526535986D+01   0.20570034792608D+01
 
  440.0000000   0.11606722234630D+01   0.12143521143985D+01   0.12833504221850D+01   0.13710983823974D+01   0.14829958166172D+01   0.16271278274724D+01   0.18157959583049D+01   0.20705385339833D+01
 
  440.0000000   0.11697189291864D+01   0.12237908954830D+01   0.12932625664219D+01   0.13815598903882D+01   0.14940847283311D+01   0.16389261707204D+01   0.18283898584760D+01   0.20839994358582D+01
 
  440.0000000   0.11788248819904D+01   0.12332881512888D+01   0.13032318901043D+01   0.13920763072323D+01   0.15052248479791D+01   0.16507699683960D+01   0.18410204711396D+01   0.20974821137646D+01
 
  440.0000000   0.11880373168118D+01   0.12428937487369D+01   0.13133114772473D+01   0.14027046022734D+01   0.15164778071258D+01   0.16627264473255D+01   0.18537617857274D+01   0.21110688679505D+01
 
  440.0000000   0.11973996675663D+01   0.12526535693451D+01   0.13235502744505D+01   0.14134973677787D+01   0.15279005107671D+01   0.16748576561945D+01   0.18666820961197D+01   0.21248357230735D+01
 
  440.0000000   0.12069570753633D+01   0.12626152753872D+01   0.13339990719090D+01   0.14245091389601D+01   0.15395519533753D+01   0.16872279275454D+01   0.18798522147265D+01   0.21388614889035D+01
 
  440.0000000   0.12167629168585D+01   0.12728351836833D+01   0.13447177982223D+01   0.14358041886122D+01   0.15515016018142D+01   0.16999129524652D+01   0.18933553645772D+01   0.21532386229079D+01
 
  440.0000000   0.12268862521017D+01   0.12833861631936D+01   0.13557840018356D+01   0.14474656934743D+01   0.15638393634899D+01   0.17130107078241D+01   0.19072992950773D+01   0.21680868651719D+01
 
  440.0000000   0.12374225158795D+01   0.12943689360006D+01   0.13673049009732D+01   0.14596086824798D+01   0.15766896073128D+01   0.17266567644499D+01   0.19218331546230D+01   0.21835720416775D+01
 
  440.0000000   0.12485121668151D+01   0.13059317820388D+01   0.13794383870603D+01   0.14724025984026D+01   0.15902355889529D+01   0.17410509561955D+01   0.19371769022024D+01   0.21999388808214D+01
 
  440.0000000   0.12603722498946D+01   0.13183038592585D+01   0.13924285043892D+01   0.14861093639226D+01   0.16047605993498D+01   0.17565022182938D+01   0.19536706171840D+01   0.22175658149984D+01
 
  440.0000000   0.12733497349004D+01   0.13318515119455D+01   0.14066654088324D+01   0.15011477162445D+01   0.16207175169295D+01   0.17735043841151D+01   0.19718578559177D+01   0.22370576123394D+01
 
  440.0000000   0.12881832437326D+01   0.13473570331437D+01   0.14229855824778D+01   0.15184199075324D+01   0.16390885582358D+01   0.17931380324216D+01   0.19929425479310D+01   0.22597749796569D+01
 
  440.0000000   0.18011693049477D+01   0.18610679006654D+01   0.19375673283559D+01   0.20340055703873D+01   0.21558108671794D+01   0.23111303954297D+01   0.25123337841367D+01   0.27806136857608D+01
 
  440.0000000   0.23066147892947D+01   0.23671306051891D+01   0.24443513880360D+01   0.25415835418541D+01   0.26642262778005D+01   0.28203805104692D+01   0.30223313703305D+01   0.32910179956598D+01
 
  440.0000000   0.23060517124110D+01   0.23670107226389D+01   0.24447289101606D+01   0.25424742601441D+01   0.26655981336794D+01   0.28221228130810D+01   0.30241943230381D+01   0.32923896282213D+01
 
  440.0000000   0.23028520191975D+01   0.23641148894590D+01   0.24421551178751D+01   0.25402093294014D+01   0.26635756816518D+01   0.28201848572481D+01   0.30220203833015D+01   0.32892613388912D+01
 
  440.0000000   0.22976222822067D+01   0.23590851914832D+01   0.24373169719992D+01   0.25355292699573D+01   0.26589628471029D+01   0.28154459664003D+01   0.30167796783098D+01   0.32827141927980D+01
 
  440.0000000   0.22907344647805D+01   0.23523161891339D+01   0.24306402076240D+01   0.25288944004179D+01   0.26522580189425D+01   0.28084481689787D+01   0.30090677250797D+01   0.32734110437416D+01
 
  440.0000000   0.22824055838393D+01   0.23440378784421D+01   0.24223726530642D+01   0.25205721435854D+01   0.26437500272806D+01   0.27995047828700D+01   0.29992280163453D+01   0.32617314490185D+01
 
  440.0000000   0.22727336152061D+01   0.23343535488778D+01   0.24126237112191D+01   0.25106803946994D+01   0.26335676944911D+01   0.27887572054525D+01   0.29874142380981D+01   0.32478362301355D+01
 
  440.0000000   0.22616730772323D+01   0.23232168514999D+01   0.24013501752628D+01   0.24991816424453D+01   0.26216793523117D+01   0.27761747277690D+01   0.29735822539891D+01   0.32316480051879D+01
 
  440.0000000   0.22488708866888D+01   0.23102624022844D+01   0.23881832150393D+01   0.24857034330711D+01   0.26077047091948D+01   0.27613593648965D+01   0.29572967088161D+01   0.32126836954227D+01
 
  440.0000000   0.22328466330169D+01   0.22941188340235D+01   0.23718518909232D+01   0.24691516499374D+01   0.25908051678390D+01   0.27437689701901D+01   0.29382641966363D+01   0.31906978553109D+01
 
  440.0000000   0.22201113716200D+01   0.22811515125364D+01   0.23584847537648D+01   0.24553469621677D+01   0.25763419446080D+01   0.27279852541700D+01   0.29196617730821D+01   0.31662905417182D+01
 
  440.0000000   0.22139169083258D+01   0.22745199756270D+01   0.23511546878624D+01   0.24471251861530D+01   0.25667421309403D+01   0.27158976061577D+01   0.29028381370031D+01   0.31403740626181D+01
 
  440.0000000   0.22049463790419D+01   0.22652046720392D+01   0.23412364166463D+01   0.24363698359336D+01   0.25546698974753D+01   0.27015390983850D+01   0.28843593234960D+01   0.31141499576491D+01
 
  440.0000000   0.21907160161252D+01   0.22505051159082D+01   0.23257481582707D+01   0.24198289907750D+01   0.25366329335385D+01   0.26812054496242D+01   0.28603126860750D+01   0.30836000300082D+01
 
  440.0000000   0.21736614534829D+01   0.22326357893435D+01   0.23066560819560D+01   0.23991342853794D+01   0.25137511715865D+01   0.26551650934676D+01   0.28294877328173D+01   0.30449419398170D+01
 
  440.0000000   0.21539908294819D+01   0.22118959513027D+01   0.22843697407735D+01   0.23748118464122D+01   0.24866570116290D+01   0.26241194468601D+01   0.27925739394831D+01   0.29986231604145D+01
 
  440.0000000   0.21314992101790D+01   0.21879960126149D+01   0.22584579652308D+01   0.23462498707496D+01   0.24545130612248D+01   0.25869482414079D+01   0.27480946527407D+01   0.29426860723075D+01
 
  440.0000000   0.21050955546211D+01   0.21597028796748D+01   0.22274890262320D+01   0.23117431692649D+01   0.24152572192445D+01   0.25411490852309D+01   0.26930386948109D+01   0.28735198083279D+01
 
  440.0000000   0.20727642071584D+01   0.21247834657093D+01   0.21889412921305D+01   0.22683555288025D+01   0.23654062207621D+01   0.24825844390309D+01   0.26225783601012D+01   0.27855894327757D+01
 
  440.0000000   0.20310274660346D+01   0.20794304185804D+01   0.21385927421687D+01   0.22112913365279D+01   0.22994164739585D+01   0.24048051597244D+01   0.25292636986904D+01   0.26704322120595D+01
 
  440.0000000   0.19738588931684D+01   0.20171040325387D+01   0.20692829340085D+01   0.21325839594815D+01   0.22082987823106D+01   0.22975694078564D+01   0.24013790848444D+01   0.25148308626934D+01
 
  440.0000000   0.18906966564905D+01   0.19263854575783D+01   0.19685626243509D+01   0.20185036324614D+01   0.20767499247458D+01   0.21436699750650D+01   0.22194500625161D+01   0.22970729789952D+01
 
  440.0000000   0.17827854005257D+01   0.18088478487476D+01   0.18384974173854D+01   0.18719889494906D+01   0.19090089717274D+01   0.19490292756231D+01   0.19913008374493D+01   0.20275988373887D+01
 
  440.0000000   0.16725176269084D+01   0.16914444570911D+01   0.17118934123066D+01   0.17334935548781D+01   0.17553209274854D+01   0.17761418463321D+01   0.17943839963090D+01   0.18017203402385D+01
 
  440.0000000   0.15992139376694D+01   0.16152006605856D+01   0.16319282834792D+01   0.16488023092379D+01   0.16646710690069D+01   0.16780225731768D+01   0.16869331307226D+01   0.16834745329479D+01
 
  440.0000000   0.15538329050486D+01   0.15679167302048D+01   0.15823134024450D+01   0.15963061422429D+01   0.16086530364796D+01   0.16177462747335D+01   0.16215554092104D+01   0.16125422397227D+01
 
  440.0000000   0.15026426944049D+01   0.15146790143719D+01   0.15265895578884D+01   0.15375680038270D+01   0.15463100123221D+01   0.15511456054311D+01   0.15499819248521D+01   0.15357195668568D+01
 
  440.0000000   0.14451581036045D+01   0.14549571188306D+01   0.14641736153953D+01   0.14719301137021D+01   0.14768831676116D+01   0.14773329318684D+01   0.14711702019581D+01   0.14518004101401D+01
 
  440.0000000   0.13784762594307D+01   0.13857182142255D+01   0.13918850801444D+01   0.13960516980898D+01   0.13968589352749D+01   0.13926050773305D+01   0.13811996507697D+01   0.13566502478578D+01
 
  440.0000000   0.13422849119640D+01   0.13481449983920D+01   0.13526715099547D+01   0.13549233352621D+01   0.13535396670642D+01   0.13468240782583D+01   0.13327019199890D+01   0.13055112984230D+01
