 #  SCIATRAN 2.2 (DOM, spherical mode)
 #  Height resolved air mass factors for no2
 #  Spectral range:  440.000 -  440.000
 #  The number of spectral points:    1
 #  The number of altitude levels:  51
    10.000     9.800     9.600     9.400     9.200     9.000     8.800     8.600     8.400     8.200     8.000     7.800     7.600     7.400     7.200     7.000     6.800     6.600     6.400     6.200     6.000     5.800     5.600     5.400     5.200     5.000     4.800     4.600     4.400     4.200     4.000     3.800     3.600     3.400     3.200     3.000     2.800     2.600     2.400     2.200     2.000     1.800     1.600     1.400     1.200     1.000     0.800     0.600     0.400     0.200     0.000
 
  440.0000000   0.10885775859688D+01   0.11385781925211D+01   0.12030416780808D+01   0.12854246714694D+01   0.13909769190313D+01   0.15274651778212D+01   0.17065734231607D+01   0.19493380584544D+01
 
  440.0000000   0.10938773817011D+01   0.11441323817252D+01   0.12089047573800D+01   0.12916517201283D+01   0.13976275534142D+01   0.15346058182152D+01   0.17142795979444D+01   0.19576969714472D+01
 
  440.0000000   0.11041727408179D+01   0.11549168873394D+01   0.12202827926283D+01   0.13037280127280D+01   0.14105148768691D+01   0.15484291020876D+01   0.17291798372939D+01   0.19738336415285D+01
 
  440.0000000   0.11139498791637D+01   0.11651491521876D+01   0.12310665515594D+01   0.13151584716363D+01   0.14226934457162D+01   0.15614667591612D+01   0.17431997967228D+01   0.19889687846392D+01
 
  440.0000000   0.11233703595174D+01   0.11750001388897D+01   0.12414385488339D+01   0.13261395514229D+01   0.14343764247204D+01   0.15739519983410D+01   0.17565969067914D+01   0.20033898751899D+01
 
  440.0000000   0.11325611522070D+01   0.11846041736621D+01   0.12515421504118D+01   0.13368255149903D+01   0.14457311262629D+01   0.15860677734245D+01   0.17695730153779D+01   0.20173221674310D+01
 
  440.0000000   0.11416217156725D+01   0.11940664474098D+01   0.12614895437477D+01   0.13473370237297D+01   0.14568884071682D+01   0.15979571963986D+01   0.17822860452584D+01   0.20309419135054D+01
 
  440.0000000   0.11506311756536D+01   0.12034706065718D+01   0.12713698601084D+01   0.13577698731018D+01   0.14679521052990D+01   0.16097337863836D+01   0.17948612095594D+01   0.20443887625059D+01
 
  440.0000000   0.11596544342160D+01   0.12128852340771D+01   0.12812562153601D+01   0.13682026117307D+01   0.14790072385854D+01   0.16214902843319D+01   0.18074005620425D+01   0.20577762409981D+01
 
  440.0000000   0.11687464777950D+01   0.12223684056238D+01   0.12912105159740D+01   0.13787017056669D+01   0.14901256659049D+01   0.16333049601634D+01   0.18199900990487D+01   0.20711998469305D+01
 
  440.0000000   0.11779552069886D+01   0.12319706757174D+01   0.13012865770934D+01   0.13893248679584D+01   0.15013697297128D+01   0.16452456688622D+01   0.18327043080146D+01   0.20847421794564D+01
 
  440.0000000   0.11873252650987D+01   0.12417391576387D+01   0.13115345445150D+01   0.14001258729924D+01   0.15127975200254D+01   0.16573756490790D+01   0.18456126384979D+01   0.20984802961123D+01
 
  440.0000000   0.11969036177772D+01   0.12517233972978D+01   0.13220071307078D+01   0.14111612164909D+01   0.15244700255795D+01   0.16697612436700D+01   0.18587878877713D+01   0.21124948796457D+01
 
  440.0000000   0.12067463556422D+01   0.12619825322573D+01   0.13327672073500D+01   0.14224982197762D+01   0.15364598360010D+01   0.16824812988284D+01   0.18723164149732D+01   0.21268814076213D+01
 
  440.0000000   0.12169266191197D+01   0.12725936760971D+01   0.13438967560961D+01   0.14342246606168D+01   0.15488615876341D+01   0.16956385952583D+01   0.18863107854110D+01   0.21417643214973D+01
 
  440.0000000   0.12275460772852D+01   0.12836640387994D+01   0.13555097740190D+01   0.14464626099769D+01   0.15618069000041D+01   0.17093760913591D+01   0.19009275898934D+01   0.21573167684466D+01
 
  440.0000000   0.12387549080519D+01   0.12953520161679D+01   0.13677747231047D+01   0.14593925004283D+01   0.15754903607607D+01   0.17239051878632D+01   0.19163984570819D+01   0.21737949702151D+01
 
  440.0000000   0.12507856654031D+01   0.13079029075931D+01   0.13809525122845D+01   0.14732937918731D+01   0.15902133541607D+01   0.17395533019027D+01   0.19330821231412D+01   0.21915957406165D+01
 
  440.0000000   0.12640106290040D+01   0.13217093961676D+01   0.13954608079547D+01   0.14886138181416D+01   0.16064582509060D+01   0.17568443862966D+01   0.19515525570688D+01   0.22113538334218D+01
 
  440.0000000   0.12790409845823D+01   0.13374161691059D+01   0.14119853164355D+01   0.15060869674312D+01   0.16250169075450D+01   0.17766384947542D+01   0.19727518678904D+01   0.22341110875403D+01
 
  440.0000000   0.17922673814077D+01   0.18513602085774D+01   0.19267869229680D+01   0.20218652300001D+01   0.21418851040359D+01   0.22947055125007D+01   0.24921180492320D+01   0.27547835911663D+01
 
  440.0000000   0.22982272809143D+01   0.23579266806429D+01   0.24340539466383D+01   0.25298851515793D+01   0.26506750207372D+01   0.28042326975915D+01   0.30022675394160D+01   0.32651760632450D+01
 
  440.0000000   0.22983807232734D+01   0.23585176087677D+01   0.24351275734392D+01   0.25314349684282D+01   0.26526406813519D+01   0.28064742361950D+01   0.30045143223772D+01   0.32667917835780D+01
 
  440.0000000   0.22959784929507D+01   0.23564220020580D+01   0.24333537092565D+01   0.25299476193668D+01   0.26513463603036D+01   0.28051912412277D+01   0.30029159009628D+01   0.32641656063810D+01
 
  440.0000000   0.22915269474565D+01   0.23521760466146D+01   0.24293050368153D+01   0.25260406213184D+01   0.26474641675060D+01   0.28011219151740D+01   0.29982904378375D+01   0.32582145352757D+01
 
  440.0000000   0.22853081149755D+01   0.23460794927659D+01   0.24233033384787D+01   0.25200636808004D+01   0.26413785877637D+01   0.27946932443268D+01   0.29911160050363D+01   0.32494800368477D+01
 
  440.0000000   0.22774366175408D+01   0.23382560110257D+01   0.24154837483416D+01   0.25121681010490D+01   0.26332626552673D+01   0.27861058633789D+01   0.29816264052827D+01   0.32382377208555D+01
 
  440.0000000   0.22678764442862D+01   0.23286720160506D+01   0.24058176685464D+01   0.25023342960355D+01   0.26231103110364D+01   0.27753713916592D+01   0.29698533309581D+01   0.32245453863107D+01
 
  440.0000000   0.22564123029795D+01   0.23171083069643D+01   0.23940869758958D+01   0.24903478589520D+01   0.26107135488684D+01   0.27622909106263D+01   0.29556087326047D+01   0.32082338838686D+01
 
  440.0000000   0.22425450881771D+01   0.23030545066412D+01   0.23797850741521D+01   0.24757052734290D+01   0.25955690520157D+01   0.27463589728354D+01   0.29383844897140D+01   0.31888139872778D+01
 
  440.0000000   0.22217844290954D+01   0.22821100233539D+01   0.23586038521751D+01   0.24542104341478D+01   0.25736190710986D+01   0.27236874124957D+01   0.29144952216457D+01   0.31627227438617D+01
 
  440.0000000   0.22049023217483D+01   0.22650145488833D+01   0.23411380051033D+01   0.24362930968103D+01   0.25550689472264D+01   0.27040808709515D+01   0.28929417594096D+01   0.31372841495126D+01
 
  440.0000000   0.21998919118077D+01   0.22597689461195D+01   0.23353869472049D+01   0.24299147932103D+01   0.25477732424136D+01   0.26951746325965D+01   0.28809727401222D+01   0.31192012374842D+01
 
  440.0000000   0.21900193349865D+01   0.22497961506062D+01   0.23250917762397D+01   0.24191527911927D+01   0.25362450508075D+01   0.26822506529137D+01   0.28654309925245D+01   0.30984931990537D+01
 
  440.0000000   0.21736196488298D+01   0.22331807640197D+01   0.23080679259240D+01   0.24015289106299D+01   0.25177209376198D+01   0.26623302193011D+01   0.28432923982136D+01   0.30724938290739D+01
 
  440.0000000   0.21564120072410D+01   0.22154997435738D+01   0.22896940587770D+01   0.23822316906836D+01   0.24971602745014D+01   0.26399706423954D+01   0.28182731542294D+01   0.30432308550586D+01
 
  440.0000000   0.21365084760198D+01   0.21949942098629D+01   0.22683513726745D+01   0.23598238784028D+01   0.24733318642276D+01   0.26141214765067D+01   0.27893818463311D+01   0.30094379925762D+01
 
  440.0000000   0.21147672867724D+01   0.21725111575652D+01   0.22448489455459D+01   0.23350544601198D+01   0.24468904556762D+01   0.25852872218395D+01   0.27568816756959D+01   0.29709438139134D+01
 
  440.0000000   0.20915996462609D+01   0.21484035717417D+01   0.22194534976664D+01   0.23080517803817D+01   0.24177511638057D+01   0.25530655222229D+01   0.27199076661796D+01   0.29261396542802D+01
 
  440.0000000   0.20666847575197D+01   0.21221855287799D+01   0.21914381521272D+01   0.22777454716127D+01   0.23843648240479D+01   0.25152513167377D+01   0.26753674200877D+01   0.28706146232533D+01
 
  440.0000000   0.20378933414496D+01   0.20913215132023D+01   0.21576825915500D+01   0.22402195859302D+01   0.23417577945987D+01   0.24654892410247D+01   0.26151288430701D+01   0.27938040223296D+01
 
  440.0000000   0.19978379467877D+01   0.20474630174001D+01   0.21085221439990D+01   0.21839880192224D+01   0.22760472263851D+01   0.23869089835345D+01   0.25188154204241D+01   0.26711394078014D+01
 
  440.0000000   0.19232756101846D+01   0.19650642962867D+01   0.20154846906303D+01   0.20766158376934D+01   0.21496752341172D+01   0.22357027686298D+01   0.23355007912435D+01   0.24441803271558D+01
 
  440.0000000   0.17922102492230D+01   0.18209698847948D+01   0.18542167837516D+01   0.18925842125592D+01   0.19360214521305D+01   0.19842185642801D+01   0.20365618407733D+01   0.20851382790444D+01
 
  440.0000000   0.16342794847321D+01   0.16525567327949D+01   0.16722126268915D+01   0.16928793350067D+01   0.17135877669979D+01   0.17330190544892D+01   0.17494645415189D+01   0.17544506145412D+01
 
  440.0000000   0.15367554026024D+01   0.15513633043143D+01   0.15663599331477D+01   0.15810805834432D+01   0.15942710401469D+01   0.16042786270281D+01   0.16089929864831D+01   0.16004765188284D+01
 
  440.0000000   0.14930656125840D+01   0.15058456321855D+01   0.15186096803866D+01   0.15305776012340D+01   0.15404187254850D+01   0.15464069692486D+01   0.15463608688272D+01   0.15327740283655D+01
 
  440.0000000   0.14436579142755D+01   0.14544756918557D+01   0.14648663806827D+01   0.14739648441698D+01   0.14803917790491D+01   0.14823821133601D+01   0.14777290644871D+01   0.14594033010378D+01
 
  440.0000000   0.13881090644472D+01   0.13967872170770D+01   0.14046143024018D+01   0.14106583413122D+01   0.14135135669290D+01   0.14114054425691D+01   0.14021424672901D+01   0.13792354285620D+01
 
  440.0000000   0.13236330235820D+01   0.13298704201352D+01   0.13348003355863D+01   0.13374490283763D+01   0.13364088207381D+01   0.13299251682037D+01   0.13158590293675D+01   0.12883550605587D+01
 
  440.0000000   0.12886317167110D+01   0.12935512344278D+01   0.12969235250757D+01   0.12977621805909D+01   0.12946654622492D+01   0.12858964263538D+01   0.12693511450572D+01   0.12395196875109D+01
