 #  SCIATRAN 2.2 (DOM, spherical mode)
 #  Height resolved air mass factors for no2
 #  Spectral range:  440.000 -  440.000
 #  The number of spectral points:    1
 #  The number of altitude levels:  44
    10.000     9.800     9.600     9.400     9.200     9.000     8.800     8.600     8.400     8.200     8.000     7.800     7.600     7.400     7.200     7.000     6.800     6.600     6.400     6.200     6.000     5.800     5.600     5.400     5.200     5.000     4.800     4.600     4.400     4.200     4.000     3.800     3.600     3.400     3.200     3.000     2.800     2.600     2.400     2.200     2.000     1.800     1.600     1.400
 
  440.0000000   0.11074487690604D+01   0.11589531230303D+01   0.12253993181042D+01   0.13099616785405D+01   0.14181536856309D+01   0.15586758664174D+01   0.17455957995979D+01   0.20013840473329D+01
 
  440.0000000   0.11122267306081D+01   0.11639849706050D+01   0.12307424849920D+01   0.13156768184264D+01   0.14243093491138D+01   0.15653525172577D+01   0.17528912801926D+01   0.20094103330844D+01
 
  440.0000000   0.11214882830327D+01   0.11737335148525D+01   0.12410877771209D+01   0.13267339669153D+01   0.14362078702653D+01   0.15782437349160D+01   0.17669581580014D+01   0.20248585335356D+01
 
  440.0000000   0.11302451363123D+01   0.11829412135233D+01   0.12508471666990D+01   0.13371492761923D+01   0.14473952598492D+01   0.15903375708136D+01   0.17801188800548D+01   0.20392592243265D+01
 
  440.0000000   0.11386475872175D+01   0.11917680123567D+01   0.12601925347390D+01   0.13471092918649D+01   0.14580759983701D+01   0.16018604831694D+01   0.17926270988710D+01   0.20529003654569D+01
 
  440.0000000   0.11468133755263D+01   0.12003391718458D+01   0.12692584106699D+01   0.13567599447374D+01   0.14684099807441D+01   0.16129894986985D+01   0.18046810559360D+01   0.20660069445563D+01
 
  440.0000000   0.11548342540468D+01   0.12087523183255D+01   0.12781497241532D+01   0.13662150909480D+01   0.14785219331173D+01   0.16238626450346D+01   0.18164352757730D+01   0.20787543312747D+01
 
  440.0000000   0.11627826767495D+01   0.12170845283209D+01   0.12869493226587D+01   0.13755646039336D+01   0.14885102556179D+01   0.16345887416396D+01   0.18280115152052D+01   0.20912806390683D+01
 
  440.0000000   0.11707174996065D+01   0.12253983603459D+01   0.12957243603172D+01   0.13848812411597D+01   0.14984545169001D+01   0.16452556855969D+01   0.18395080055494D+01   0.21036971179538D+01
 
  440.0000000   0.11786879059933D+01   0.12337460605250D+01   0.13045308846821D+01   0.13942256869931D+01   0.15084210372237D+01   0.16559366832001D+01   0.18510064841567D+01   0.21160962245458D+01
 
  440.0000000   0.11867359213643D+01   0.12421722532761D+01   0.13134167463557D+01   0.14036497283768D+01   0.15184663882869D+01   0.16666941503568D+01   0.18625766018186D+01   0.21285566815594D+01
 
  440.0000000   0.11948998579959D+01   0.12507176291392D+01   0.13224255927408D+01   0.14132006300336D+01   0.15286422451666D+01   0.16775851672962D+01   0.18742821558880D+01   0.21411507450660D+01
 
  440.0000000   0.12032190756231D+01   0.12594239861032D+01   0.13316022549376D+01   0.14229269391741D+01   0.15390016929014D+01   0.16886683883185D+01   0.18861887298055D+01   0.21539527295617D+01
 
  440.0000000   0.12117396256058D+01   0.12683402080185D+01   0.13409991384664D+01   0.14328853757635D+01   0.15496067185055D+01   0.17000122598077D+01   0.18983727942185D+01   0.21670491868798D+01
 
  440.0000000   0.12205206922801D+01   0.12775291348716D+01   0.13506836315571D+01   0.14431489085538D+01   0.15605371154642D+01   0.17117049609285D+01   0.19109329658446D+01   0.21805518789314D+01
 
  440.0000000   0.12296436507028D+01   0.12870772048833D+01   0.13607484752601D+01   0.14538180221332D+01   0.15719028525986D+01   0.17238681321011D+01   0.19240054345046D+01   0.21946153584221D+01
 
  440.0000000   0.12392278531104D+01   0.12971112509900D+01   0.13713298200114D+01   0.14650403309132D+01   0.15838656061568D+01   0.17366807776473D+01   0.19377908285779D+01   0.22094675956451D+01
 
  440.0000000   0.12494571818318D+01   0.13078267253409D+01   0.13826375311467D+01   0.14770434619116D+01   0.15966748132197D+01   0.17504192145385D+01   0.19525989749180D+01   0.22254607572070D+01
 
  440.0000000   0.12606246749414D+01   0.13195351427095D+01   0.13950061776488D+01   0.14901905153873D+01   0.16107286551749D+01   0.17655247318852D+01   0.19689244694449D+01   0.22431563355702D+01
 
  440.0000000   0.12738149999560D+01   0.13333980605387D+01   0.14096960855307D+01   0.15058648960843D+01   0.16275653024372D+01   0.17837341764446D+01   0.19887664672694D+01   0.22649049482511D+01
 
  440.0000000   0.17839308088715D+01   0.18442119059793D+01   0.19213592608070D+01   0.20185227161382D+01   0.21413713545915D+01   0.22988531852896D+01   0.25053703902225D+01   0.27830809219980D+01
 
  440.0000000   0.22834569055204D+01   0.23441898754915D+01   0.24218538709629D+01   0.25195710520735D+01   0.26429735669948D+01   0.28009422529221D+01   0.30077481489050D+01   0.32851966146734D+01
 
  440.0000000   0.22751060719311D+01   0.23359988199373D+01   0.24137957293123D+01   0.25115827984409D+01   0.26349207525405D+01   0.27925621278145D+01   0.29985416614637D+01   0.32741199293402D+01
 
  440.0000000   0.22636207599047D+01   0.23244699486353D+01   0.24021366437458D+01   0.24996744009467D+01   0.26225544407013D+01   0.27793657100486D+01   0.29838455059376D+01   0.32566162529128D+01
 
  440.0000000   0.22498016759217D+01   0.23104574865047D+01   0.23878011025559D+01   0.24848587819443D+01   0.26069961872399D+01   0.27626053263705D+01   0.29650665374261D+01   0.32342849748917D+01
 
  440.0000000   0.22340792209428D+01   0.22944195820039D+01   0.23712837160976D+01   0.24676739501195D+01   0.25888355721294D+01   0.27429331145278D+01   0.29429353421681D+01   0.32079575475188D+01
 
  440.0000000   0.22166669645113D+01   0.22765820583840D+01   0.23528261901318D+01   0.24483784088921D+01   0.25683493470050D+01   0.27206478939190D+01   0.29177815028123D+01   0.31780043210388D+01
 
  440.0000000   0.21976579731114D+01   0.22570406025439D+01   0.23325266911370D+01   0.24270718947814D+01   0.25456375866628D+01   0.26958487567748D+01   0.28897020627962D+01   0.31445158098374D+01
 
  440.0000000   0.21770740866548D+01   0.22358129691920D+01   0.23103940578526D+01   0.24037532584874D+01   0.25206877219008D+01   0.26685082758308D+01   0.28586474392186D+01   0.31074050062365D+01
 
  440.0000000   0.21548891098238D+01   0.22128653209011D+01   0.22863826384000D+01   0.23783612842454D+01   0.24934179166616D+01   0.26385166248030D+01   0.28244688552436D+01   0.30664655406451D+01
 
  440.0000000   0.21310393277847D+01   0.21881252499703D+01   0.22604147174936D+01   0.23508009155978D+01   0.24637004764263D+01   0.26056992523235D+01   0.27869366238379D+01   0.30214037289923D+01
 
  440.0000000   0.21054346576911D+01   0.21614907603165D+01   0.22323788145226D+01   0.23209361700892D+01   0.24313567027698D+01   0.25698190228973D+01   0.27457487735334D+01   0.29718470666711D+01
 
  440.0000000   0.20779586576529D+01   0.21328263513743D+01   0.22021107315491D+01   0.22885654191467D+01   0.23961372557856D+01   0.25305663550929D+01   0.27005203523205D+01   0.29173121833982D+01
 
  440.0000000   0.20484497281511D+01   0.21019438694236D+01   0.21693769653627D+01   0.22534042596629D+01   0.23577007792276D+01   0.24875314613257D+01   0.26507512636253D+01   0.28571732229957D+01
 
  440.0000000   0.20166802291388D+01   0.20685825234314D+01   0.21338630171102D+01   0.22150754532503D+01   0.23155975380679D+01   0.24401776532069D+01   0.25957951874663D+01   0.27906403685090D+01
 
  440.0000000   0.19823319629737D+01   0.20323832413648D+01   0.20951496997980D+01   0.21730846213702D+01   0.22692410272065D+01   0.23878060503241D+01   0.25348168751212D+01   0.27167134737882D+01
 
  440.0000000   0.19449674670196D+01   0.19928577653942D+01   0.20526780981160D+01   0.21267700881214D+01   0.22178354875337D+01   0.23294668669600D+01   0.24667206250204D+01   0.26341689690304D+01
 
  440.0000000   0.19039766933361D+01   0.19493314937172D+01   0.20056894327309D+01   0.20752474408627D+01   0.21603296715951D+01   0.22639161366715D+01   0.23900817774204D+01   0.25414369637203D+01
 
  440.0000000   0.18584977022915D+01   0.19008586008426D+01   0.19531375868444D+01   0.20173392603360D+01   0.20953757681475D+01   0.21895892309205D+01   0.23030658929242D+01   0.24363909065644D+01
 
  440.0000000   0.18072805581166D+01   0.18460746913224D+01   0.18935234575757D+01   0.19513722777919D+01   0.20210772402480D+01   0.21043090238122D+01   0.22031510484741D+01   0.23161509509005D+01
 
  440.0000000   0.17484358585868D+01   0.17829268386034D+01   0.18245970075936D+01   0.18748392206402D+01   0.19346034912666D+01   0.20048600293296D+01   0.20866947862284D+01   0.21766907942032D+01
 
  440.0000000   0.16787269500196D+01   0.17079107225366D+01   0.17425294131926D+01   0.17835024984403D+01   0.18312151625238D+01   0.18859081453414D+01   0.19476874650310D+01   0.20113741060212D+01
 
  440.0000000   0.15889081172733D+01   0.16110203974991D+01   0.16363756572154D+01   0.16652556035385D+01   0.16973854015834D+01   0.17322052800098D+01   0.17688053821930D+01   0.18006754936930D+01
 
  440.0000000   0.15371830650358D+01   0.15551712429230D+01   0.15751588122054D+01   0.15970604210089D+01   0.16202398406883D+01   0.16437094137662D+01   0.16660285080392D+01   0.16801665599178D+01
