60.60 9.0000e-06
58.60 9.0000e-06
56.50 1.5000e-05
54.40 2.8000e-05
52.20 5.2000e-05
50.00 1.0340e-05
47.70 2.1150e-04
45.50 4.4240e-04
43.30 9.1800e-04
41.10 1.7930e-03
39.00 3.1200e-03
36.90 4.5620e-03
34.80 5.5540e-03
32.80 5.7670e-03
30.90 5.1500e-03
29.00 4.0140e-03
27.10 2.7200e-03
25.20 1.7090e-03
23.40 1.0170e-03
21.50 5.5400e-04
19.70 1.9260e-04
17.90 5.2600e-05
16.10 2.7100e-05
14.40 1.8000e-05
12.50 1.2190e-05
10.70 1.0000e-10
10.0 2.60808e-13
9.9 2.95535e-13
9.8 3.34885e-13
9.7 3.79474e-13
9.6 4.30000e-13
9.5 4.87254e-13
9.4 5.52131e-13
9.3 6.25647e-13
9.2 7.08951e-13
9.1 8.03346e-13
9.0 9.10311e-13
8.9 1.03152e-12
8.8 1.16886e-12
8.7 1.32449e-12
8.6 1.50085e-12
8.5 1.70068e-12
8.4 1.92713e-12
8.3 2.18372e-12
8.2 2.47448e-12
8.1 2.80395e-12
8.0 3.17730e-12
7.9 3.60035e-12
7.8 4.07973e-12
7.7 4.62294e-12
7.6 5.23848e-12
7.5 5.93597e-12
7.4 6.72634e-12
7.3 7.62194e-12
7.2 8.63679e-12
7.1 9.78676e-12
7.0 1.10899e-11
6.9 1.25665e-11
6.8 1.42397e-11
6.7 1.61356e-11
6.6 1.82841e-11
6.5 2.07186e-11
6.4 2.34772e-11
6.3 2.66032e-11
6.2 3.01454e-11
6.1 3.41592e-11
6.0 3.87074e-11
5.9 4.38612e-11
5.8 4.97013e-11
5.7 5.63189e-11
5.6 6.38177e-11
5.5 7.23149e-11
5.4 8.19436e-11
5.3 9.28542e-11
5.2 1.05218e-10
5.1 1.19227e-10
5.0 1.35102e-10
4.9 1.53091e-10
4.8 1.73475e-10
4.7 1.96572e-10
4.6 2.22746e-10
4.5 2.52404e-10
4.4 2.86011e-10
4.3 3.24093e-10
4.2 3.67246e-10
4.1 4.16144e-10
4.0 4.71553e-10
3.9 5.34339e-10
3.8 6.05486e-10
3.7 6.86105e-10
3.6 7.77459e-10
3.5 8.80976e-10
3.4 9.98277e-10
3.3 1.13120e-09
3.2 1.28181e-09
3.1 1.45248e-09
3.0 1.64588e-09
2.9 1.86503e-09
2.8 2.11335e-09
2.7 2.39474e-09
2.6 2.71360e-09
2.5 3.07491e-09
2.4 3.48433e-09
2.3 3.94826e-09
2.2 4.47397e-09
2.1 5.06967e-09
2.0 5.74469e-09
1.9 6.50958e-09
1.8 7.37632e-09
1.7 8.35847e-09
1.6 9.47139e-09
1.5 1.07325e-08
1.4 1.21615e-08
