 #  SCIATRAN 2.2 (DOM, spherical mode)
 #  Height resolved air mass factors for no2
 #  Spectral range:  440.000 -  440.000
 #  The number of spectral points:    1
 #  The number of altitude levels:  44
    10.000     9.800     9.600     9.400     9.200     9.000     8.800     8.600     8.400     8.200     8.000     7.800     7.600     7.400     7.200     7.000     6.800     6.600     6.400     6.200     6.000     5.800     5.600     5.400     5.200     5.000     4.800     4.600     4.400     4.200     4.000     3.800     3.600     3.400     3.200     3.000     2.800     2.600     2.400     2.200     2.000     1.800     1.600     1.400
 
  440.0000000   0.11077609367225D+01   0.11592927794824D+01   0.12257561790247D+01   0.13103125401781D+01   0.14184907321270D+01   0.15590242304714D+01   0.17460203328716D+01   0.20018204145179D+01
 
  440.0000000   0.11127958660358D+01   0.11645791813655D+01   0.12313521483034D+01   0.13162801842506D+01   0.14249013965735D+01   0.15659631945616D+01   0.17535932480448D+01   0.20101524027924D+01
 
  440.0000000   0.11225589010818D+01   0.11748243831077D+01   0.12421905272732D+01   0.13278297830498D+01   0.14372972951865D+01   0.15793661731190D+01   0.17682014361770D+01   0.20261969089305D+01
 
  440.0000000   0.11317957235967D+01   0.11845071775310D+01   0.12524212569016D+01   0.13387156661026D+01   0.14489600300351D+01   0.15919493067171D+01   0.17818798251765D+01   0.20411676525027D+01
 
  440.0000000   0.11406625640229D+01   0.11937933582373D+01   0.12622220312750D+01   0.13491301365847D+01   0.14600997934072D+01   0.16039448177295D+01   0.17948881460858D+01   0.20553594602866D+01
 
  440.0000000   0.11492815597159D+01   0.12028125097207D+01   0.12717317003120D+01   0.13592234144454D+01   0.14708807241975D+01   0.16155339839401D+01   0.18074290796782D+01   0.20690023017528D+01
 
  440.0000000   0.11577476102336D+01   0.12116653097169D+01   0.12810581325261D+01   0.13691121962769D+01   0.14814303327950D+01   0.16268576422647D+01   0.18196601239882D+01   0.20822749358529D+01
 
  440.0000000   0.11661352679383D+01   0.12204308259659D+01   0.12902860149879D+01   0.13788880719621D+01   0.14918486684192D+01   0.16380262690128D+01   0.18317047905409D+01   0.20953174961985D+01
 
  440.0000000   0.11745045705244D+01   0.12291726866521D+01   0.12994834410253D+01   0.13886246210099D+01   0.15022160326149D+01   0.16491284440055D+01   0.18436619896182D+01   0.21082420210639D+01
 
  440.0000000   0.11829049814237D+01   0.12379432821170D+01   0.13087064398785D+01   0.13983823522942D+01   0.15125984318504D+01   0.16602369496091D+01   0.18556129578636D+01   0.21211404765223D+01
 
  440.0000000   0.11913777810279D+01   0.12467863183304D+01   0.13180017312440D+01   0.14082117086639D+01   0.15230508919694D+01   0.16714124695196D+01   0.18676254377555D+01   0.21340895520822D+01
 
  440.0000000   0.11999592688004D+01   0.12557402394889D+01   0.13274104254307D+01   0.14181571195770D+01   0.15336219577386D+01   0.16827086572504D+01   0.18797594795469D+01   0.21471574414015D+01
 
  440.0000000   0.12086851648921D+01   0.12648428766640D+01   0.13369729902035D+01   0.14282623922588D+01   0.15443596099060D+01   0.16941786455776D+01   0.18920745281902D+01   0.21604115073515D+01
 
  440.0000000   0.12175955420865D+01   0.12741366674093D+01   0.13467348563908D+01   0.14385767567332D+01   0.15553178131808D+01   0.17058821974827D+01   0.19046373467363D+01   0.21739272175525D+01
 
  440.0000000   0.12267399416375D+01   0.12836741127753D+01   0.13567522906907D+01   0.14491611602189D+01   0.15665633076568D+01   0.17178932515611D+01   0.19175309229153D+01   0.21877991949139D+01
 
  440.0000000   0.12361842776281D+01   0.12935251021767D+01   0.13671001922956D+01   0.14600967314249D+01   0.15781849819435D+01   0.17303104620472D+01   0.19308664250990D+01   0.22021549011459D+01
 
  440.0000000   0.12460230262581D+01   0.13037898448047D+01   0.13778859061125D+01   0.14714998881280D+01   0.15903107277220D+01   0.17432761803071D+01   0.19448044729037D+01   0.22171784482688D+01
 
  440.0000000   0.12563993545656D+01   0.13146203626789D+01   0.13892728174994D+01   0.14835483754593D+01   0.16031362152470D+01   0.17570082842026D+01   0.19595903972767D+01   0.22331501672573D+01
 
  440.0000000   0.12675386504653D+01   0.13262563652258D+01   0.14015199495422D+01   0.14965247974164D+01   0.16169725472358D+01   0.17718525587067D+01   0.19756128693053D+01   0.22505139878891D+01
 
  440.0000000   0.12807700918260D+01   0.13401211046111D+01   0.14161743433914D+01   0.15121306105595D+01   0.16337165612422D+01   0.17899603732485D+01   0.19953668897357D+01   0.22722360326104D+01
 
  440.0000000   0.17931604136078D+01   0.18532410415098D+01   0.19302015607777D+01   0.20272458670856D+01   0.21501239896380D+01   0.23078962170439D+01   0.25151038768065D+01   0.27940206346250D+01
 
  440.0000000   0.22993443715328D+01   0.23600500817148D+01   0.24377654040004D+01   0.25356977309080D+01   0.26595914253504D+01   0.28184788614500D+01   0.30268230577319D+01   0.33066467611965D+01
 
  440.0000000   0.23003740337958D+01   0.23615158461287D+01   0.24397311976588D+01   0.25382390541639D+01   0.26627490505760D+01   0.28222052773812D+01   0.30308826943038D+01   0.33103691471069D+01
 
  440.0000000   0.22990390919850D+01   0.23604526657785D+01   0.24389543956386D+01   0.25377795059136D+01   0.26625798051888D+01   0.28221642188913D+01   0.30305363512112D+01   0.33087342298060D+01
 
  440.0000000   0.22960890437087D+01   0.23576587077300D+01   0.24362948730177D+01   0.25352557401021D+01   0.26601178104374D+01   0.28195175350291D+01   0.30271196983315D+01   0.33033187531346D+01
 
  440.0000000   0.22918927828273D+01   0.23535238655809D+01   0.24321653128721D+01   0.25311106532507D+01   0.26558471402260D+01   0.28148059814972D+01   0.30212526103841D+01   0.32948466050691D+01
 
  440.0000000   0.22866039740255D+01   0.23482109083452D+01   0.24267462849577D+01   0.25255395308253D+01   0.26499733838854D+01   0.28082435267739D+01   0.30131622553510D+01   0.32835657720298D+01
 
  440.0000000   0.22802569150580D+01   0.23417580302455D+01   0.24200975786540D+01   0.25186093776528D+01   0.26425516762152D+01   0.27998593197398D+01   0.30028531973436D+01   0.32694687341244D+01
 
  440.0000000   0.22728302090371D+01   0.23341396883810D+01   0.24121950854811D+01   0.25102849673629D+01   0.26335208672510D+01   0.27895558511239D+01   0.29901935361776D+01   0.32523959665503D+01
 
  440.0000000   0.22642774441360D+01   0.23252946906932D+01   0.24029429247057D+01   0.25004369546042D+01   0.26227220150444D+01   0.27771455934383D+01   0.29749602825565D+01   0.32320691219964D+01
 
  440.0000000   0.22545176565899D+01   0.23151227633808D+01   0.23921978512267D+01   0.24888825907058D+01   0.26099384872963D+01   0.27623770157122D+01   0.29568500793128D+01   0.32080961014850D+01
 
  440.0000000   0.22434288551898D+01   0.23034805907728D+01   0.23797777310888D+01   0.24753980333942D+01   0.25949019053701D+01   0.27449292115081D+01   0.29354708854206D+01   0.31799779676396D+01
 
  440.0000000   0.22308396534833D+01   0.22901703210439D+01   0.23654388330813D+01   0.24596879008716D+01   0.25772594482732D+01   0.27243816123141D+01   0.29103152738493D+01   0.31470869677207D+01
 
  440.0000000   0.22165018574909D+01   0.22749129274675D+01   0.23488576873473D+01   0.24413706205182D+01   0.25565556576359D+01   0.27001866836708D+01   0.28807235068397D+01   0.31086233472163D+01
 
  440.0000000   0.22000699701551D+01   0.22573255342085D+01   0.23296046430271D+01   0.24199471059897D+01   0.25321956800959D+01   0.26716283223503D+01   0.28458398839203D+01   0.30635731818334D+01
 
  440.0000000   0.21810729731392D+01   0.22368890215326D+01   0.23070986798057D+01   0.23947382557884D+01   0.25033653665898D+01   0.26377329761336D+01   0.28045391924073D+01   0.30106769225854D+01
 
  440.0000000   0.21588710904290D+01   0.22129021035723D+01   0.22805621554791D+01   0.23648507544653D+01   0.24690135274000D+01   0.25972586375840D+01   0.27553822397260D+01   0.29483077058394D+01
 
  440.0000000   0.21325833891173D+01   0.21844037309878D+01   0.22489399850673D+01   0.23291075658639D+01   0.24278021641301D+01   0.25486528160902D+01   0.26965278715511D+01   0.28742783438790D+01
 
  440.0000000   0.21009746884322D+01   0.21500525496701D+01   0.22107648245044D+01   0.22858757699450D+01   0.23778824385829D+01   0.24897901973709D+01   0.26255031491635D+01   0.27857293879048D+01
 
  440.0000000   0.20622703571226D+01   0.21079291242223D+01   0.21639423694486D+01   0.22328265819674D+01   0.23166232666372D+01   0.24176709108628D+01   0.25388871701491D+01   0.26788218648325D+01
 
  440.0000000   0.20137719011841D+01   0.20551247071769D+01   0.21053081631812D+01   0.21664618060499D+01   0.22401053590136D+01   0.23278686363138D+01   0.24316766562330D+01   0.25479936092345D+01
 
  440.0000000   0.19508723434005D+01   0.19866864773207D+01   0.20294856487504D+01   0.20808668159529D+01   0.21417477499388D+01   0.22130032642950D+01   0.22955672305762D+01   0.23840250894373D+01
 
  440.0000000   0.18607219892341D+01   0.18887993373700D+01   0.19214586999630D+01   0.19595424441689D+01   0.20032313826931D+01   0.20525240912094D+01   0.21072562150773D+01   0.21605615728912D+01
 
  440.0000000   0.18063619751420D+01   0.18298349887817D+01   0.18565026979815D+01   0.18867702136179D+01   0.19204047538907D+01   0.19569194051682D+01   0.19955477115152D+01   0.20288398934705D+01
