 #  SCIATRAN 2.2 (DOM, spherical mode)
 #  Height resolved air mass factors for no2
 #  Spectral range:  440.000 -  440.000
 #  The number of spectral points:    1
 #  The number of altitude levels:  44
    10.000     9.800     9.600     9.400     9.200     9.000     8.800     8.600     8.400     8.200     8.000     7.800     7.600     7.400     7.200     7.000     6.800     6.600     6.400     6.200     6.000     5.800     5.600     5.400     5.200     5.000     4.800     4.600     4.400     4.200     4.000     3.800     3.600     3.400     3.200     3.000     2.800     2.600     2.400     2.200     2.000     1.800     1.600     1.400
 
  440.0000000   0.11075954607361D+01   0.11591035226116D+01   0.12255435747737D+01   0.13100578609088D+01   0.14181637487965D+01   0.15585772758917D+01   0.17453687015831D+01   0.20008238247610D+01
 
  440.0000000   0.11127096933114D+01   0.11644729504274D+01   0.12312269684441D+01   0.13161176357341D+01   0.14246713534244D+01   0.15656178867427D+01   0.17530476193174D+01   0.20092645492916D+01
 
  440.0000000   0.11226320273592D+01   0.11748849323464D+01   0.12422409718789D+01   0.13278523247535D+01   0.14372620316449D+01   0.15792251739743D+01   0.17678690424475D+01   0.20255281400537D+01
 
  440.0000000   0.11320304969885D+01   0.11847369721209D+01   0.12526499392395D+01   0.13389260716205D+01   0.14491225124344D+01   0.15920158603163D+01   0.17817643764591D+01   0.20407224468323D+01
 
  440.0000000   0.11410631702743D+01   0.11941967879014D+01   0.12626335918700D+01   0.13495333104976D+01   0.14604652176232D+01   0.16042244866337D+01   0.17949957465489D+01   0.20551447121831D+01
 
  440.0000000   0.11498538742531D+01   0.12033957343681D+01   0.12723326465303D+01   0.13598262267040D+01   0.14714563462478D+01   0.16160344780565D+01   0.18077680575565D+01   0.20690271634283D+01
 
  440.0000000   0.11584991238578D+01   0.12124361822439D+01   0.12818567590904D+01   0.13699234014099D+01   0.14822253882125D+01   0.16275887404808D+01   0.18202409584478D+01   0.20825507588448D+01
 
  440.0000000   0.11670751257755D+01   0.12213989337850D+01   0.12912924493153D+01   0.13799183574402D+01   0.14928744238547D+01   0.16389998773608D+01   0.18325401859547D+01   0.20958579369900D+01
 
  440.0000000   0.11756437456335D+01   0.12303495345753D+01   0.13007098385105D+01   0.13898868149900D+01   0.15034860064794D+01   0.16503588319346D+01   0.18447671351427D+01   0.21090633357310D+01
 
  440.0000000   0.11842565877380D+01   0.12393426217790D+01   0.13101673349373D+01   0.13998917967780D+01   0.15141287901296D+01   0.16617411713726D+01   0.18570059827639D+01   0.21222620215608D+01
 
  440.0000000   0.11929575655548D+01   0.12484246661636D+01   0.13197145889347D+01   0.14099868456470D+01   0.15248610694843D+01   0.16732110239500D+01   0.18693281198871D+01   0.21355345545747D+01
 
  440.0000000   0.12017863945090D+01   0.12576377006179D+01   0.13293965185172D+01   0.14202204218629D+01   0.15357356429196D+01   0.16848265316966D+01   0.18817983655651D+01   0.21489542154713D+01
 
  440.0000000   0.12107835045888D+01   0.12670245042091D+01   0.13392588280291D+01   0.14306418268978D+01   0.15468062241060D+01   0.16966468503486D+01   0.18944826819668D+01   0.21625955931000D+01
 
  440.0000000   0.12199958026757D+01   0.12766346834642D+01   0.13493544831913D+01   0.14413081560334D+01   0.15581349709778D+01   0.17087403757733D+01   0.19074572526011D+01   0.21765447065298D+01
 
  440.0000000   0.12294830519280D+01   0.12865314536188D+01   0.13597509966811D+01   0.14522922103143D+01   0.15698011762104D+01   0.17211944112344D+01   0.19208193977247D+01   0.21909115515446D+01
 
  440.0000000   0.12393268066644D+01   0.12968011155821D+01   0.13705405822021D+01   0.14636934903301D+01   0.15819132952038D+01   0.17341284673508D+01   0.19347024469318D+01   0.22058469556325D+01
 
  440.0000000   0.12496460554002D+01   0.13075696413265D+01   0.13818579298767D+01   0.14756574644088D+01   0.15946300569040D+01   0.17477176167202D+01   0.19493018001434D+01   0.22215719997418D+01
 
  440.0000000   0.12606236389859D+01   0.13190306510794D+01   0.13939101336870D+01   0.14884079260100D+01   0.16081958148939D+01   0.17622315052042D+01   0.19649184029307D+01   0.22384270615686D+01
 
  440.0000000   0.12725508090637D+01   0.13314925771540D+01   0.14070270008535D+01   0.15023011485499D+01   0.16229994745453D+01   0.17780993460733D+01   0.19820317088724D+01   0.22569551725129D+01
 
  440.0000000   0.12862977540964D+01   0.13458821120323D+01   0.14222068357217D+01   0.15184246967718D+01   0.16402409777700D+01   0.17966654433235D+01   0.20021766377388D+01   0.22789455158067D+01
 
  440.0000000   0.17985215716554D+01   0.18587973855453D+01   0.19359661145928D+01   0.20331810219006D+01   0.21561607964070D+01   0.23139335863295D+01   0.25209973155020D+01   0.27994655477914D+01
 
  440.0000000   0.23038695003560D+01   0.23647035380145D+01   0.24425330186843D+01   0.25404959089733D+01   0.26642933844874D+01   0.28229181757475D+01   0.30307917258482D+01   0.33097822167458D+01
 
  440.0000000   0.23037125618875D+01   0.23649145292619D+01   0.24431549722173D+01   0.25415510762615D+01   0.26657635973461D+01   0.28247088340273D+01   0.30326606310359D+01   0.33111098659628D+01
 
  440.0000000   0.23011437161385D+01   0.23625682855487D+01   0.24410324736590D+01   0.25396356196976D+01   0.26639875853789D+01   0.28229076331077D+01   0.30304862391062D+01   0.33077757518936D+01
 
  440.0000000   0.22968115355706D+01   0.23583525846323D+01   0.24369037151213D+01   0.25355507734206D+01   0.26598437970403D+01   0.28184859044291D+01   0.30253497120066D+01   0.33009941882541D+01
 
  440.0000000   0.22911083363446D+01   0.23526822454199D+01   0.24312124454559D+01   0.25297786119111D+01   0.26538618891454D+01   0.28120276462915D+01   0.30178901048304D+01   0.32914596317204D+01
 
  440.0000000   0.22842652738494D+01   0.23458004885580D+01   0.24242179832488D+01   0.25225982903626D+01   0.26463439958975D+01   0.28038596199953D+01   0.30084573534288D+01   0.32795408075994D+01
 
  440.0000000   0.22764143363869D+01   0.23378441809734D+01   0.24160635708659D+01   0.25141593517902D+01   0.26374451836085D+01   0.27941408945061D+01   0.29972119167083D+01   0.32653912428896D+01
 
  440.0000000   0.22676242466742D+01   0.23288815356268D+01   0.24068160369095D+01   0.25045258836647D+01   0.26272242367328D+01   0.27829202762815D+01   0.29841843312619D+01   0.32490055672403D+01
 
  440.0000000   0.22579204128771D+01   0.23189326530340D+01   0.23964855306976D+01   0.24936965482559D+01   0.26156655437405D+01   0.27701614650768D+01   0.29693043649491D+01   0.32302525892473D+01
 
  440.0000000   0.22472947406184D+01   0.23079803041683D+01   0.23850405349475D+01   0.24816225598469D+01   0.26026977171398D+01   0.27557597378537D+01   0.29524134785982D+01   0.32088833170533D+01
 
  440.0000000   0.22357038846957D+01   0.22959701443787D+01   0.23724182052794D+01   0.24682214170604D+01   0.25882023942894D+01   0.27395410444090D+01   0.29332588979771D+01   0.31845321264672D+01
 
  440.0000000   0.22230591851762D+01   0.22827979036612D+01   0.23585018851127D+01   0.24533443461379D+01   0.25719737316598D+01   0.27212185426243D+01   0.29114567757771D+01   0.31566936028215D+01
 
  440.0000000   0.22092179831545D+01   0.22682941799839D+01   0.23430834696817D+01   0.24367267698602D+01   0.25536701162867D+01   0.27003521544926D+01   0.28864492779928D+01   0.31246541491561D+01
 
  440.0000000   0.21939579285009D+01   0.22521956710012D+01   0.23258310698090D+01   0.24179558005338D+01   0.25327831193523D+01   0.26763147680828D+01   0.28574520629190D+01   0.30874030702963D+01
 
  440.0000000   0.21769233406545D+01   0.22340899197018D+01   0.23062399055732D+01   0.23964182350068D+01   0.25085718282915D+01   0.26482065011305D+01   0.28233536135172D+01   0.30435309437580D+01
 
  440.0000000   0.21575539165036D+01   0.22133398691121D+01   0.22835574467074D+01   0.23712172261288D+01   0.24799611539069D+01   0.26147297497855D+01   0.27825744635560D+01   0.29910892831176D+01
 
  440.0000000   0.21349651488391D+01   0.21889562014342D+01   0.22566484963243D+01   0.23410191173051D+01   0.24453601391707D+01   0.25739764700385D+01   0.27328383916431D+01   0.29273714383868D+01
 
  440.0000000   0.21077604339522D+01   0.21593956798391D+01   0.22237757918820D+01   0.23038019538934D+01   0.24023670022640D+01   0.25230907696915D+01   0.26708197497190D+01   0.28485856946195D+01
 
  440.0000000   0.20737306588896D+01   0.21222393798886D+01   0.21822583314658D+01   0.22565173088240D+01   0.23474466080159D+01   0.24579373134057D+01   0.25917032311580D+01   0.27492059392335D+01
 
  440.0000000   0.20292629876005D+01   0.20735596816531D+01   0.21277890353995D+01   0.21943632405486D+01   0.22751576942381D+01   0.23722630922705D+01   0.24882225610988D+01   0.26208421870378D+01
 
  440.0000000   0.19678637495466D+01   0.20063377050322D+01   0.20527105073447D+01   0.21088518723261D+01   0.21759594945549D+01   0.22552392285117D+01   0.23480350065947D+01   0.24496079334881D+01
 
  440.0000000   0.18715090557970D+01   0.19011590571414D+01   0.19358870412992D+01   0.19766810929703D+01   0.20238644994667D+01   0.20776029588195D+01   0.21379394332646D+01   0.21980977866383D+01
 
  440.0000000   0.18111459578672D+01   0.18353696447587D+01   0.18630001470826D+01   0.18944840065937D+01   0.19296431324672D+01   0.19680656711424D+01   0.20090934239929D+01   0.20451242260017D+01
