60.60 9.0000e-06
58.60 9.0000e-06
56.50 1.5000e-05
54.40 2.8000e-05
52.20 5.2000e-05
50.00 1.0340e-05
47.70 2.1150e-04
45.50 4.4240e-04
43.30 9.1800e-04
41.10 1.7930e-03
39.00 3.1200e-03
36.90 4.5620e-03
34.80 5.5540e-03
32.80 5.7670e-03
30.90 5.1500e-03
29.00 4.0140e-03
27.10 2.7200e-03
25.20 1.7090e-03
23.40 1.0170e-03
21.50 5.5400e-04
19.70 1.9260e-04
17.90 5.2600e-05
16.10 2.7100e-05
14.40 1.8000e-05
12.50 1.2190e-05
10.70 1.0000e-10
10.0 8.00288e-16
9.9 9.45429e-16
9.8 1.11689e-15
9.7 1.31945e-15
9.6 1.55875e-15
9.5 1.84144e-15
9.4 2.17541e-15
9.3 2.56994e-15
9.2 3.03603e-15
9.1 3.58664e-15
9.0 4.23712e-15
8.9 5.00556e-15
8.8 5.91337e-15
8.7 6.98583e-15
8.6 8.25278e-15
8.5 9.74951e-15
8.4 1.15177e-14
8.3 1.36065e-14
8.2 1.60742e-14
8.1 1.89894e-14
8.0 2.24334e-14
7.9 2.65019e-14
7.8 3.13083e-14
7.7 3.69864e-14
7.6 4.36943e-14
7.5 5.16187e-14
7.4 6.09802e-14
7.3 7.20397e-14
7.2 8.51048e-14
7.1 1.00539e-13
7.0 1.18773e-13
6.9 1.40314e-13
6.8 1.65762e-13
6.7 1.95824e-13
6.6 2.31339e-13
6.5 2.73295e-13
6.4 3.22859e-13
6.3 3.81413e-13
6.2 4.50586e-13
6.1 5.32305e-13
6.0 6.28844e-13
5.9 7.42892e-13
5.8 8.77623e-13
5.7 1.03679e-12
5.6 1.22482e-12
5.5 1.44696e-12
5.4 1.70938e-12
5.3 2.01939e-12
5.2 2.38563e-12
5.1 2.81828e-12
5.0 3.32941e-12
4.9 3.93323e-12
4.8 4.64656e-12
4.7 5.48927e-12
4.6 6.48480e-12
4.5 7.66089e-12
4.4 9.05027e-12
4.3 1.06916e-11
4.2 1.26307e-11
4.1 1.49214e-11
4.0 1.76275e-11
3.9 2.08245e-11
3.8 2.46012e-11
3.7 2.90629e-11
3.6 3.43337e-11
3.5 4.05605e-11
3.4 4.79166e-11
3.3 5.66067e-11
3.2 6.68730e-11
3.1 7.90011e-11
3.0 9.33287e-11
2.9 1.10255e-10
2.8 1.30251e-10
2.7 1.53873e-10
2.6 1.81780e-10
2.5 2.14747e-10
2.4 1.62299e-09
2.3 1.66900e-09
2.2 1.72336e-09
2.1 4.18270e-10
2.0 4.94128e-10
1.9 5.83743e-10
1.8 6.89611e-10
1.7 8.14679e-10
1.6 9.62430e-10
1.5 1.13698e-09
1.4 1.34318e-09
1.3 1.58678e-09
1.2 1.87456e-09
1.1 2.21453e-09
1.0 2.61616e-09
0.9 3.09062e-09
0.8 3.65114e-09
0.7 4.31331e-09
0.6 5.09558e-09
0.5 6.01971e-09
0.4 7.11145e-09
0.3 8.40119e-09
0.2 9.92483e-09
0.1 1.17248e-08
0.0 1.38512e-08
