 #  SCIATRAN 2.2 (DOM, spherical mode)
 #  Height resolved air mass factors for no2
 #  Spectral range:  440.000 -  440.000
 #  The number of spectral points:    1
 #  The number of altitude levels:  51
    10.000     9.800     9.600     9.400     9.200     9.000     8.800     8.600     8.400     8.200     8.000     7.800     7.600     7.400     7.200     7.000     6.800     6.600     6.400     6.200     6.000     5.800     5.600     5.400     5.200     5.000     4.800     4.600     4.400     4.200     4.000     3.800     3.600     3.400     3.200     3.000     2.800     2.600     2.400     2.200     2.000     1.800     1.600     1.400     1.200     1.000     0.800     0.600     0.400     0.200     0.000
 
  440.0000000   0.10992104232869D+01   0.11500629577082D+01   0.12156769040818D+01   0.12993375849169D+01   0.14064342259195D+01   0.15452360529510D+01   0.17287025639460D+01   0.19785698702790D+01
 
  440.0000000   0.11039572323524D+01   0.11550569919318D+01   0.12209733186995D+01   0.13049943417276D+01   0.14125160801554D+01   0.15518176803498D+01   0.17358724511019D+01   0.19864312229962D+01
 
  440.0000000   0.11131586578188D+01   0.11647326233642D+01   0.12312285195554D+01   0.13159390968112D+01   0.14242726860455D+01   0.15645264372771D+01   0.17496984929437D+01   0.20015636506838D+01
 
  440.0000000   0.11218590469154D+01   0.11738719966543D+01   0.12409036031562D+01   0.13262494447658D+01   0.14353278866060D+01   0.15764508053111D+01   0.17626362022711D+01   0.20156729616834D+01
 
  440.0000000   0.11302074166329D+01   0.11826335288922D+01   0.12501686284637D+01   0.13361096611565D+01   0.14458832347400D+01   0.15878133879087D+01   0.17749340870145D+01   0.20290403067491D+01
 
  440.0000000   0.11383204755126D+01   0.11911412637975D+01   0.12591567222278D+01   0.13456639540805D+01   0.14560963950726D+01   0.15987882381834D+01   0.17867863689569D+01   0.20418853036022D+01
 
  440.0000000   0.11462892147575D+01   0.11994919033232D+01   0.12679716604249D+01   0.13550247285510D+01   0.14660902512623D+01   0.16095110058605D+01   0.17983444213686D+01   0.20543791346306D+01
 
  440.0000000   0.11541855203145D+01   0.12077618219074D+01   0.12766953777762D+01   0.13642806969885D+01   0.14759617410102D+01   0.16200886457242D+01   0.18097275368372D+01   0.20666566225947D+01
 
  440.0000000   0.11620678170750D+01   0.12160130484635D+01   0.12853943653153D+01   0.13735037802595D+01   0.14857893620968D+01   0.16306076491119D+01   0.18210320314154D+01   0.20788264006249D+01
 
  440.0000000   0.11699850118478D+01   0.12242974755531D+01   0.12941242125648D+01   0.13827540625718D+01   0.14956386380244D+01   0.16411401455673D+01   0.18323381502385D+01   0.20909788682358D+01
 
  440.0000000   0.11779790476973D+01   0.12326595877921D+01   0.13029325514314D+01   0.13920829994260D+01   0.15055656478470D+01   0.16517478256094D+01   0.18437144739816D+01   0.21031912085315D+01
 
  440.0000000   0.11860884067242D+01   0.12411402054858D+01   0.13118631022104D+01   0.14015378396187D+01   0.15156219156432D+01   0.16624874161416D+01   0.18552241413196D+01   0.21155345954731D+01
 
  440.0000000   0.11943529907635D+01   0.12497816464106D+01   0.13209611804042D+01   0.14111675466586D+01   0.15258608263814D+01   0.16734176856648D+01   0.18669325602048D+01   0.21280827560233D+01
 
  440.0000000   0.12028199799816D+01   0.12586339227363D+01   0.13302803096251D+01   0.14210299117666D+01   0.15363453361173D+01   0.16846078683693D+01   0.18789166915009D+01   0.21409222946359D+01
 
  440.0000000   0.12115506418064D+01   0.12677619884398D+01   0.13398900166726D+01   0.14312000218379D+01   0.15471572660763D+01   0.16961479809614D+01   0.18912766538333D+01   0.21541659593053D+01
 
  440.0000000   0.12206300389353D+01   0.12772560523981D+01   0.13498868953015D+01   0.14417822367545D+01   0.15584103884077D+01   0.17081632611399D+01   0.19041518357085D+01   0.21679708583123D+01
 
  440.0000000   0.12301840236613D+01   0.12872495750846D+01   0.13604137038229D+01   0.14529307562816D+01   0.15702729261839D+01   0.17208391271031D+01   0.19177488893532D+01   0.21825702104426D+01
 
  440.0000000   0.12404076286238D+01   0.12979494244405D+01   0.13716918160797D+01   0.14648847717363D+01   0.15830058714352D+01   0.17344632796044D+01   0.19323885038233D+01   0.21983260049109D+01
 
  440.0000000   0.12516128550496D+01   0.13096866770316D+01   0.13840760616744D+01   0.14780279726873D+01   0.15970278520915D+01   0.17494968880741D+01   0.19485843715138D+01   0.22158177908519D+01
 
  440.0000000   0.12646517231807D+01   0.13233700664191D+01   0.13985468547786D+01   0.14934290118684D+01   0.16135169602807D+01   0.17672563736651D+01   0.19678324772839D+01   0.22367778570164D+01
 
  440.0000000   0.17749470463643D+01   0.18343305887964D+01   0.19103108615466D+01   0.20061246036253D+01   0.21272746805321D+01   0.22822102775481D+01   0.24841141128418D+01   0.27544322797902D+01
 
  440.0000000   0.22757853450319D+01   0.23356268049983D+01   0.24121318073330D+01   0.25085026306282D+01   0.26302049801517D+01   0.27856262125181D+01   0.29878342117263D+01   0.32579597751663D+01
 
  440.0000000   0.22694492076685D+01   0.23294961104772D+01   0.24061980362938D+01   0.25027121009359D+01   0.26244391325953D+01   0.27796576258585D+01   0.29812413793108D+01   0.32498528132945D+01
 
  440.0000000   0.22601294297390D+01   0.23202029136732D+01   0.23968738245577D+01   0.24932562998270D+01   0.26146749932125D+01   0.27692780806028D+01   0.29697089046147D+01   0.32361002434061D+01
 
  440.0000000   0.22485116897290D+01   0.23084765231342D+01   0.23849444834451D+01   0.24809879203065D+01   0.26018458618178D+01   0.27555181682668D+01   0.29543869823943D+01   0.32180027848485D+01
 
  440.0000000   0.22349920847415D+01   0.22947375411668D+01   0.23708621731265D+01   0.24663975997140D+01   0.25864882763309D+01   0.27389682772106D+01   0.29359281293225D+01   0.31962856792159D+01
 
  440.0000000   0.22197788636108D+01   0.22792060533104D+01   0.23548624126577D+01   0.24497417329334D+01   0.25688839952846D+01   0.27199366795752D+01   0.29146613424314D+01   0.31712901683986D+01
 
  440.0000000   0.22029410619410D+01   0.22619539318716D+01   0.23370218554032D+01   0.24311033047022D+01   0.25491223386048D+01   0.26985157436427D+01   0.28906726027304D+01   0.31430818074525D+01
 
  440.0000000   0.21843832478461D+01   0.22428795820540D+01   0.23172354855226D+01   0.24103691810963D+01   0.25270751351642D+01   0.26745541161136D+01   0.28637784427905D+01   0.31114325532393D+01
 
  440.0000000   0.21636148824529D+01   0.22214645692237D+01   0.22949543630468D+01   0.23869519827366D+01   0.25021062689698D+01   0.26473541688659D+01   0.28332034854114D+01   0.30754763862790D+01
 
  440.0000000   0.21378130210723D+01   0.21948694721968D+01   0.22672878617900D+01   0.23579262160747D+01   0.24712606117409D+01   0.26138898642296D+01   0.27957141836514D+01   0.30314697265534D+01
 
  440.0000000   0.21122806215615D+01   0.21682510401897D+01   0.22391778827297D+01   0.23279244909660D+01   0.24386975031916D+01   0.25775574140874D+01   0.27534316628189D+01   0.29793125820331D+01
 
  440.0000000   0.20921322229077D+01   0.21468249064141D+01   0.22159920590239D+01   0.23024162115777D+01   0.24099453126068D+01   0.25439715872745D+01   0.27122448136290D+01   0.29255414443720D+01
 
  440.0000000   0.20709759006155D+01   0.21245829922114D+01   0.21922057530519D+01   0.22765485413839D+01   0.23811560708990D+01   0.25108774197253D+01   0.26725323647827D+01   0.28750087090200D+01
 
  440.0000000   0.20468595639286D+01   0.20993707650944D+01   0.21653970419868D+01   0.22476355561141D+01   0.23493951549459D+01   0.24750962975262D+01   0.26308369932563D+01   0.28239999261761D+01
 
  440.0000000   0.20204574827811D+01   0.20715619590742D+01   0.21355927323397D+01   0.22152223552176D+01   0.23135059437913D+01   0.24344158352299D+01   0.25833078054756D+01   0.27660500027531D+01
 
  440.0000000   0.19908931245490D+01   0.20403055164156D+01   0.21019764587062D+01   0.21784998845223D+01   0.22726446526607D+01   0.23879052260394D+01   0.25288674121720D+01   0.26997697024997D+01
 
  440.0000000   0.19582712425003D+01   0.20056691373454D+01   0.20645465804155D+01   0.21373699018716D+01   0.22265917737958D+01   0.23352077464156D+01   0.24670274517809D+01   0.26245394799036D+01
 
  440.0000000   0.19221040630054D+01   0.19670928968297D+01   0.20226474044677D+01   0.20910549955396D+01   0.21744142223125D+01   0.22751887586896D+01   0.23963897420310D+01   0.25386445840789D+01
 
  440.0000000   0.18815750451086D+01   0.19236615704434D+01   0.19752398037654D+01   0.20383545348291D+01   0.21147036081085D+01   0.22061778564659D+01   0.23149615371281D+01   0.24397426160620D+01
 
  440.0000000   0.18354700481839D+01   0.18740283976793D+01   0.19208133835028D+01   0.19775336920846D+01   0.20454356259311D+01   0.21258072870010D+01   0.22200117288026D+01   0.23247896691848D+01
 
  440.0000000   0.17820583837669D+01   0.18162805381941D+01   0.18572349993683D+01   0.19061633141809D+01   0.19638059091963D+01   0.20308350224453D+01   0.21078447005228D+01   0.21897417513208D+01
 
  440.0000000   0.17195262082539D+01   0.17483548563182D+01   0.17821331573928D+01   0.18214780158290D+01   0.18665632363618D+01   0.19174384746151D+01   0.19740072156936D+01   0.20296288674967D+01
 
  440.0000000   0.16536657288671D+01   0.16764791620823D+01   0.17023226323433D+01   0.17311664315752D+01   0.17625850589423D+01   0.17959641728434D+01   0.18304726255063D+01   0.18583993796909D+01
 
  440.0000000   0.15842279400617D+01   0.16028484856628D+01   0.16231894042658D+01   0.16448191851779D+01   0.16668751471939D+01   0.16882103070316D+01   0.17073400463058D+01   0.17161981431000D+01
 
  440.0000000   0.15304854723654D+01   0.15472190972972D+01   0.15651312587215D+01   0.15836074369751D+01   0.16015869937533D+01   0.16176716072067D+01   0.16300487044126D+01   0.16307991830279D+01
 
  440.0000000   0.14940950082580D+01   0.15092939344730D+01   0.15252993159820D+01   0.15413705794640D+01   0.15563402231666D+01   0.15686853996688D+01   0.15764406905946D+01   0.15719382670880D+01
 
  440.0000000   0.14511141492755D+01   0.14645670383156D+01   0.14784283864105D+01   0.14918649317916D+01   0.15036263634139D+01   0.15120916511519D+01   0.15151745380650D+01   0.15055241689484D+01
 
  440.0000000   0.14015657604831D+01   0.14130412663436D+01   0.14244983787913D+01   0.14350291882567D+01   0.14433208251246D+01   0.14476812138247D+01   0.14459414538444D+01   0.14311431573813D+01
 
  440.0000000   0.13429824268371D+01   0.13521294654259D+01   0.13607808889492D+01   0.13679772461448D+01   0.13723662477768D+01   0.13722143931388D+01   0.13653104177885D+01   0.13451911698298D+01
 
  440.0000000   0.13109388582909D+01   0.13188111399622D+01   0.13259325376028D+01   0.13313257095132D+01   0.13336251195358D+01   0.13310840365945D+01   0.13214793955543D+01   0.12986261661715D+01
