 #  SCIATRAN 2.2 (DOM, spherical mode)
 #  Height resolved air mass factors for no2
 #  Spectral range:  440.000 -  440.000
 #  The number of spectral points:    1
 #  The number of altitude levels:  51
    10.000     9.800     9.600     9.400     9.200     9.000     8.800     8.600     8.400     8.200     8.000     7.800     7.600     7.400     7.200     7.000     6.800     6.600     6.400     6.200     6.000     5.800     5.600     5.400     5.200     5.000     4.800     4.600     4.400     4.200     4.000     3.800     3.600     3.400     3.200     3.000     2.800     2.600     2.400     2.200     2.000     1.800     1.600     1.400     1.200     1.000     0.800     0.600     0.400     0.200     0.000
 
  440.0000000   0.10976716497698D+01   0.11487063382588D+01   0.12144962529090D+01   0.12989400140853D+01   0.14073594780214D+01   0.15473044472803D+01   0.17297307764424D+01   0.19765168098726D+01
 
  440.0000000   0.11031543635688D+01   0.11544488583254D+01   0.12205466666567D+01   0.13053434244364D+01   0.14141595092267D+01   0.15545430720991D+01   0.17374475647077D+01   0.19847561211938D+01
 
  440.0000000   0.11137990260180D+01   0.11655930721928D+01   0.12322823725766D+01   0.13177559854697D+01   0.14273307293555D+01   0.15685506524531D+01   0.17523632192192D+01   0.20006572573891D+01
 
  440.0000000   0.11238966675574D+01   0.11761555457877D+01   0.12433942503529D+01   0.13294941236436D+01   0.14397673204069D+01   0.15817523261659D+01   0.17663884693512D+01   0.20155632036885D+01
 
  440.0000000   0.11336164692666D+01   0.11863151171221D+01   0.12540727600542D+01   0.13407620221266D+01   0.14516894648982D+01   0.15943868013732D+01   0.17797834589418D+01   0.20297596960038D+01
 
  440.0000000   0.11430913516830D+01   0.11962122706711D+01   0.12644674878691D+01   0.13517200045368D+01   0.14632699938487D+01   0.16066413812253D+01   0.17927522295462D+01   0.20434707321359D+01
 
  440.0000000   0.11524253891904D+01   0.12059570003787D+01   0.12746955535363D+01   0.13624935961825D+01   0.14746442245650D+01   0.16186627186185D+01   0.18054545588753D+01   0.20568717463715D+01
 
  440.0000000   0.11617013074349D+01   0.12156367195082D+01   0.12848500133853D+01   0.13731825060581D+01   0.14859196115197D+01   0.16305672305264D+01   0.18180172390461D+01   0.20701018902462D+01
 
  440.0000000   0.11709869071805D+01   0.12253230326808D+01   0.12950070480507D+01   0.13838683008819D+01   0.14971839799206D+01   0.16424499670338D+01   0.18305436601093D+01   0.20832744364762D+01
 
  440.0000000   0.11803395324958D+01   0.12350764783517D+01   0.13052310391463D+01   0.13946198844517D+01   0.15085114861050D+01   0.16543911450124D+01   0.18431210306745D+01   0.20964848580015D+01
 
  440.0000000   0.11898089311508D+01   0.12449495665855D+01   0.13155778206417D+01   0.14054970036520D+01   0.15199664230878D+01   0.16664603027691D+01   0.18558249376155D+01   0.21098158737131D+01
 
  440.0000000   0.11994412350030D+01   0.12549910101358D+01   0.13260992167692D+01   0.14165551587040D+01   0.15316085795152D+01   0.16787221993786D+01   0.18687259009292D+01   0.21233448324879D+01
 
  440.0000000   0.12092845939938D+01   0.12652516569294D+01   0.13368493302472D+01   0.14278523068102D+01   0.15435004205670D+01   0.16912445369147D+01   0.18818977037498D+01   0.21371527339065D+01
 
  440.0000000   0.12193959629018D+01   0.12757916396568D+01   0.13478921251979D+01   0.14394569531356D+01   0.15557157655458D+01   0.17041073075687D+01   0.18954274971873D+01   0.21513352016129D+01
 
  440.0000000   0.12298489424999D+01   0.12866886867933D+01   0.13593103094998D+01   0.14514577229158D+01   0.15683501853834D+01   0.17174141751750D+01   0.19094283584138D+01   0.21660164939946D+01
 
  440.0000000   0.12407449545642D+01   0.12980499340916D+01   0.13712178725408D+01   0.14639768077074D+01   0.15815355669900D+01   0.17313083785867D+01   0.19240567552407D+01   0.21813688201683D+01
 
  440.0000000   0.12522326845699D+01   0.13100324644512D+01   0.13837818766295D+01   0.14771933610421D+01   0.15954655039408D+01   0.17460004903566D+01   0.19395429758065D+01   0.21976458580314D+01
 
  440.0000000   0.12645405282825D+01   0.13228776838629D+01   0.13972593947737D+01   0.14913833724953D+01   0.16104384495381D+01   0.17618152123402D+01   0.19562419878756D+01   0.22152383741157D+01
 
  440.0000000   0.12780312690734D+01   0.13369691759541D+01   0.14120593475701D+01   0.15069862362183D+01   0.16269297886388D+01   0.17792697562069D+01   0.19747189728066D+01   0.22347680159899D+01
 
  440.0000000   0.12943554460216D+01   0.13540705834175D+01   0.14300886472677D+01   0.15260831634731D+01   0.16472336455402D+01   0.18009222358522D+01   0.19978660847952D+01   0.22595580142854D+01
 
  440.0000000   0.18061142065701D+01   0.18667339691997D+01   0.19438267161232D+01   0.20410467589442D+01   0.21635619566040D+01   0.23187350278800D+01   0.25172440391286D+01   0.27804678039079D+01
 
  440.0000000   0.23023348455932D+01   0.23637023068342D+01   0.24416496601863D+01   0.25398001328476D+01   0.26632699263749D+01   0.28193287181323D+01   0.30184848731923D+01   0.32817005640316D+01
 
  440.0000000   0.22871448270753D+01   0.23489614995996D+01   0.24273776875183D+01   0.25259868408174D+01   0.26498216517478D+01   0.28059986413258D+01   0.30047541172912D+01   0.32664168041280D+01
 
  440.0000000   0.22675758386492D+01   0.23295860732636D+01   0.24081495439368D+01   0.25068374050737D+01   0.26305784317166D+01   0.27862956914438D+01   0.29838866974543D+01   0.32429435706608D+01
 
  440.0000000   0.22447519963629D+01   0.23067737073639D+01   0.23852575916527D+01   0.24837570033893D+01   0.26070794022935D+01   0.27619200849462D+01   0.29577806266392D+01   0.32134352472555D+01
 
  440.0000000   0.22191956337836D+01   0.22810803222271D+01   0.23593004854393D+01   0.24573921162182D+01   0.25800262227621D+01   0.27336419677134D+01   0.29272984876400D+01   0.31788800802531D+01
 
  440.0000000   0.21911026090687D+01   0.22527121361156D+01   0.23304940689908D+01   0.24279705214224D+01   0.25496625013005D+01   0.27017267355723D+01   0.28927367077596D+01   0.31396150029065D+01
 
  440.0000000   0.21604717981874D+01   0.22216655340967D+01   0.22988287890083D+01   0.23954762574495D+01   0.25159657409072D+01   0.26661449903059D+01   0.28540581695485D+01   0.30955918588068D+01
 
  440.0000000   0.21271041148493D+01   0.21877310479192D+01   0.22640900903663D+01   0.23596803096986D+01   0.24786806182563D+01   0.26266047198591D+01   0.28109290318109D+01   0.30464337067359D+01
 
  440.0000000   0.20902775062010D+01   0.21501543729567D+01   0.22255025732985D+01   0.23197659251934D+01   0.24369252390823D+01   0.25821412440664D+01   0.27622997990832D+01   0.29910206046125D+01
 
  440.0000000   0.20452515123911D+01   0.21041923792173D+01   0.21783472160058D+01   0.22710115569682D+01   0.23859225658134D+01   0.25278387990023D+01   0.27029887205632D+01   0.29236489551375D+01
 
  440.0000000   0.19978848288301D+01   0.20554132054742D+01   0.21277784063086D+01   0.22180069497880D+01   0.23294679179855D+01   0.24663385693909D+01   0.26339187569903D+01   0.28425608277588D+01
 
  440.0000000   0.19551946992118D+01   0.20108672170098D+01   0.20807487541365D+01   0.21676320680981D+01   0.22744508277509D+01   0.24046837242605D+01   0.25625290781545D+01   0.27559681724543D+01
 
  440.0000000   0.19098155079409D+01   0.19638101794440D+01   0.20312849349174D+01   0.21149864913007D+01   0.22175214912311D+01   0.23418192782540D+01   0.24912210636527D+01   0.26716504926710D+01
 
  440.0000000   0.18608434045264D+01   0.19131943146037D+01   0.19782886769912D+01   0.20588935136663D+01   0.21573745694919D+01   0.22762550562974D+01   0.24182574864030D+01   0.25876910433975D+01
 
  440.0000000   0.18088432996063D+01   0.18591773428229D+01   0.19214656210501D+01   0.19984243942860D+01   0.20921661764831D+01   0.22048199020219D+01   0.23385299326826D+01   0.24960923906044D+01
 
  440.0000000   0.17511472337234D+01   0.17990982545140D+01   0.18581459006145D+01   0.19308842316202D+01   0.20191503565771D+01   0.21246751729149D+01   0.22490432040997D+01   0.23935385916573D+01
 
  440.0000000   0.16876785168698D+01   0.17328499934924D+01   0.17881708924085D+01   0.18560518424995D+01   0.19380352199443D+01   0.20354540347242D+01   0.21493593735378D+01   0.22795429446364D+01
 
  440.0000000   0.16176936072016D+01   0.16596301011346D+01   0.17106641635176D+01   0.17729570172704D+01   0.18477389712903D+01   0.19359530559902D+01   0.20381596071859D+01   0.21527153066743D+01
 
  440.0000000   0.15401177262781D+01   0.15782881434756D+01   0.16243863728764D+01   0.16802507651923D+01   0.17467835165136D+01   0.18245524524401D+01   0.19136843814166D+01   0.20112131319569D+01
 
  440.0000000   0.14535137434928D+01   0.14872907113396D+01   0.15276933828285D+01   0.15761578272246D+01   0.16332434969019D+01   0.16991635363993D+01   0.17736800008071D+01   0.18526900171852D+01
 
  440.0000000   0.13560293620571D+01   0.13846605299073D+01   0.14184634492164D+01   0.14583909705348D+01   0.15046472284341D+01   0.15571157332256D+01   0.16152704115734D+01   0.16741551756305D+01
 
  440.0000000   0.12459490628804D+01   0.12685229554636D+01   0.12946297918137D+01   0.13246708660989D+01   0.13584781815396D+01   0.13956169973478D+01   0.14353243940015D+01   0.14721936173359D+01
 
  440.0000000   0.11363021501338D+01   0.11525223144823D+01   0.11705979682118D+01   0.11904067599249D+01   0.12113982044842D+01   0.12327865425924D+01   0.12535153752754D+01   0.12681459544339D+01
 
  440.0000000   0.10259172146936D+01   0.10379337269397D+01   0.10507181673740D+01   0.10638346264674D+01   0.10764596688764D+01   0.10875187271955D+01   0.10956586881350D+01   0.10957628040885D+01
 
  440.0000000   0.93709911043467D+00   0.94716684156358D+00   0.95755253630290D+00   0.96768629097102D+00   0.97662904665284D+00   0.98317677659687D+00   0.98583025795496D+00   0.97992790748752D+00
 
  440.0000000   0.87260562363000D+00   0.88091022266828D+00   0.88918705657071D+00   0.89679331335727D+00   0.90274644316082D+00   0.90580288418855D+00   0.90442809773798D+00   0.89441210077772D+00
 
  440.0000000   0.79860595647809D+00   0.80490900383698D+00   0.81082426709867D+00   0.81569144373246D+00   0.81852669503324D+00   0.81809244466560D+00   0.81287111768989D+00   0.79917234916379D+00
 
  440.0000000   0.71482369287888D+00   0.71885538375697D+00   0.72212172945243D+00   0.72398271222509D+00   0.72349215600208D+00   0.71946635311145D+00   0.71046516803632D+00   0.69340221947702D+00
 
  440.0000000   0.61725127714742D+00   0.61859008915352D+00   0.61875235774784D+00   0.61715753621583D+00   0.61294739828579D+00   0.60505820695231D+00   0.59221421550985D+00   0.57206409881475D+00
 
  440.0000000   0.56423424263770D+00   0.56409281555387D+00   0.56255806550170D+00   0.55908994051955D+00   0.55288911430521D+00   0.54297180089774D+00   0.52817094208561D+00   0.50654417905478D+00
