 #  SCIATRAN 2.2 (DOM, spherical mode)
 #  Height resolved air mass factors for no2
 #  Spectral range:  440.000 -  440.000
 #  The number of spectral points:    1
 #  The number of altitude levels:  44
    10.000     9.800     9.600     9.400     9.200     9.000     8.800     8.600     8.400     8.200     8.000     7.800     7.600     7.400     7.200     7.000     6.800     6.600     6.400     6.200     6.000     5.800     5.600     5.400     5.200     5.000     4.800     4.600     4.400     4.200     4.000     3.800     3.600     3.400     3.200     3.000     2.800     2.600     2.400     2.200     2.000     1.800     1.600     1.400
 
  440.0000000   0.11069126693768D+01   0.11583559602968D+01   0.12246882384429D+01   0.13091502341831D+01   0.14172215381027D+01   0.15574222521754D+01   0.17432774246884D+01   0.19970003339330D+01
 
  440.0000000   0.11123405386241D+01   0.11640546856742D+01   0.12307170459544D+01   0.13155694662194D+01   0.14240976530984D+01   0.15648313381532D+01   0.17513096365786D+01   0.20057553930274D+01
 
  440.0000000   0.11228868856709D+01   0.11751220013849D+01   0.12424188066771D+01   0.13280205057738D+01   0.14374238468715D+01   0.15791760734039D+01   0.17668417477723D+01   0.20226578340400D+01
 
  440.0000000   0.11329071240338D+01   0.11856273237843D+01   0.12535140449594D+01   0.13398102531269D+01   0.14500216131937D+01   0.15927097739237D+01   0.17814599726197D+01   0.20385142087273D+01
 
  440.0000000   0.11425672764976D+01   0.11957466916791D+01   0.12641911510339D+01   0.13511420560582D+01   0.14621123195347D+01   0.16056755819488D+01   0.17954340579738D+01   0.20536273677693D+01
 
  440.0000000   0.11519980555112D+01   0.12056186678981D+01   0.12745983667147D+01   0.13621758661363D+01   0.14738700113791D+01   0.16182645619403D+01   0.18089758544305D+01   0.20682349924115D+01
 
  440.0000000   0.11613021045326D+01   0.12153520451013D+01   0.12848520678495D+01   0.13730372290684D+01   0.14854312682435D+01   0.16306266192862D+01   0.18222515555903D+01   0.20825235217938D+01
 
  440.0000000   0.11705614003981D+01   0.12250336784024D+01   0.12950451246934D+01   0.13838262806784D+01   0.14969049592701D+01   0.16428811629534D+01   0.18353934499495D+01   0.20966412293266D+01
 
  440.0000000   0.11798436379369D+01   0.12347352347062D+01   0.13052540979344D+01   0.13946254789555D+01   0.15083806132112D+01   0.16551262338632D+01   0.18485099554827D+01   0.21107093495176D+01
 
  440.0000000   0.11892066820371D+01   0.12445179317473D+01   0.13155443349942D+01   0.14055051390254D+01   0.15199344909300D+01   0.16674452405623D+01   0.18616931866411D+01   0.21248307165860D+01
 
  440.0000000   0.11987015213301D+01   0.12544356823787D+01   0.13259733489869D+01   0.14165270962071D+01   0.15316335905121D+01   0.16799113771164D+01   0.18750238755262D+01   0.21390953108513D+01
 
  440.0000000   0.12083763914073D+01   0.12645394860943D+01   0.13365955450179D+01   0.14277498434819D+01   0.15435412894077D+01   0.16925938903186D+01   0.18885784278192D+01   0.21535883372754D+01
 
  440.0000000   0.12182827691275D+01   0.12748837510541D+01   0.13474689422946D+01   0.14392357281747D+01   0.15557250994570D+01   0.17055664920035D+01   0.19024381146941D+01   0.21684003391625D+01
 
  440.0000000   0.12284827904087D+01   0.12855341174655D+01   0.13586634931569D+01   0.14510598582616D+01   0.15682662638753D+01   0.17189177701214D+01   0.19167004530330D+01   0.21836397273652D+01
 
  440.0000000   0.12390581044176D+01   0.12965768436575D+01   0.13702711278343D+01   0.14633209418167D+01   0.15812715538846D+01   0.17327641494062D+01   0.19314936097098D+01   0.21994490005058D+01
 
  440.0000000   0.12501228117233D+01   0.13081324959373D+01   0.13824203689895D+01   0.14761570050837D+01   0.15948902987406D+01   0.17472684929125D+01   0.19469969181062D+01   0.22160276071931D+01
 
  440.0000000   0.12618460259977D+01   0.13203797618988D+01   0.13953015348215D+01   0.14897723856768D+01   0.16093436618821D+01   0.17626722182665D+01   0.19634764505520D+01   0.22336716983629D+01
 
  440.0000000   0.12744898293728D+01   0.13335956029020D+01   0.14092097022722D+01   0.15044839507206D+01   0.16249746124107D+01   0.17793496858020D+01   0.19813447920073D+01   0.22528405243242D+01
 
  440.0000000   0.12884734823224D+01   0.13482232216588D+01   0.14246176113431D+01   0.15207996110400D+01   0.16423327800600D+01   0.17979004295142D+01   0.20012622825249D+01   0.22742688222350D+01
 
  440.0000000   0.13045207042204D+01   0.13650281860711D+01   0.14423425266153D+01   0.15395983876907D+01   0.16623708088725D+01   0.18193657676795D+01   0.20243792200909D+01   0.22992414141617D+01
 
  440.0000000   0.18182110872329D+01   0.18795125287680D+01   0.19577781577783D+01   0.20561242984726D+01   0.21801236240821D+01   0.23384828864911D+01   0.25449972617825D+01   0.28213872014006D+01
 
  440.0000000   0.23229716358045D+01   0.23849055457255D+01   0.24638983274621D+01   0.25630263052424D+01   0.26878231253151D+01   0.28469369167038D+01   0.30540625116951D+01   0.33306093861067D+01
 
  440.0000000   0.23207393022781D+01   0.23830875019706D+01   0.24625265741707D+01   0.25620818036406D+01   0.26872239193119D+01   0.28465024474642D+01   0.30534446396410D+01   0.33290301405433D+01
 
  440.0000000   0.23155222141951D+01   0.23781260801479D+01   0.24578167032900D+01   0.25575686144997D+01   0.26827828506413D+01   0.28418972818827D+01   0.30482488540933D+01   0.33223630849137D+01
 
  440.0000000   0.23079420407057D+01   0.23706805269301D+01   0.24504748784062D+01   0.25502497310456D+01   0.26753311088597D+01   0.28340344301798D+01   0.30394871879736D+01   0.33117420127036D+01
 
  440.0000000   0.22983813766725D+01   0.23611566664238D+01   0.24409351604220D+01   0.25405936917954D+01   0.26653793202541D+01   0.28234762250770D+01   0.30277864735129D+01   0.32978738136642D+01
 
  440.0000000   0.22870699930034D+01   0.23497981717092D+01   0.24294572842738D+01   0.25288802889532D+01   0.26532325687705D+01   0.28105598899756D+01   0.30135253982835D+01   0.32811886398494D+01
 
  440.0000000   0.22741406238945D+01   0.23367455242802D+01   0.24161896157821D+01   0.25152695355636D+01   0.26390670545436D+01   0.27954820904596D+01   0.29969238952628D+01   0.32619295180097D+01
 
  440.0000000   0.22596639769482D+01   0.23220738274041D+01   0.24012130572433D+01   0.24998501588055D+01   0.26229810285605D+01   0.27783510344446D+01   0.29780977395615D+01   0.32402136647961D+01
 
  440.0000000   0.22436756344989D+01   0.23058211129467D+01   0.23845714299277D+01   0.24826703954567D+01   0.26050246214403D+01   0.27592158738907D+01   0.29570923891960D+01   0.32160772532996D+01
 
  440.0000000   0.22261976557614D+01   0.22880090568461D+01   0.23662859861537D+01   0.24637488595830D+01   0.25852109914675D+01   0.27380813945326D+01   0.29339017064081D+01   0.31894924919418D+01
 
  440.0000000   0.22072529297032D+01   0.22686573741016D+01   0.23463700514413D+01   0.24430912109468D+01   0.25635358977152D+01   0.27149285642566D+01   0.29084819100032D+01   0.31603653447833D+01
 
  440.0000000   0.21868637865896D+01   0.22477825876425D+01   0.23248317839899D+01   0.24206977665607D+01   0.25399885002525D+01   0.26897226354709D+01   0.28807438050194D+01   0.31284987430742D+01
 
  440.0000000   0.21650441765068D+01   0.22253879981169D+01   0.23016598241297D+01   0.23965434007946D+01   0.25145243564548D+01   0.26623786464461D+01   0.28505114388329D+01   0.30935424717619D+01
 
  440.0000000   0.21417795571714D+01   0.22014388330488D+01   0.22767860381532D+01   0.23705233246659D+01   0.24869927754690D+01   0.26326748652781D+01   0.28174372502672D+01   0.30549218090738D+01
 
  440.0000000   0.21169787835760D+01   0.21758078716056D+01   0.22500232385839D+01   0.23423824520441D+01   0.24570555287521D+01   0.26001542735163D+01   0.27808720588268D+01   0.30116582168553D+01
 
  440.0000000   0.20903719656406D+01   0.21481687212840D+01   0.22209725283476D+01   0.23116199872263D+01   0.24240650651055D+01   0.25639547350512D+01   0.27396357305670D+01   0.29620829111019D+01
 
  440.0000000   0.20613268604835D+01   0.21177938163656D+01   0.21887958863125D+01   0.22772155705206D+01   0.23867256530198D+01   0.25224002392138D+01   0.26915631717153D+01   0.29033683995726D+01
 
  440.0000000   0.20285368611197D+01   0.20831949388011D+01   0.21517507332564D+01   0.22370726300957D+01   0.23424685303899D+01   0.24723176081933D+01   0.26327379684963D+01   0.28306266304306D+01
 
  440.0000000   0.19893314967319D+01   0.20413688334038D+01   0.21063459369012D+01   0.21870778203671D+01   0.22864025670080D+01   0.24078487986939D+01   0.25561044119244D+01   0.27352693328733D+01
 
  440.0000000   0.19381438907066D+01   0.19861616505921D+01   0.20456206295219D+01   0.21191873565873D+01   0.22091003441689D+01   0.23178890291957D+01   0.24486473350236D+01   0.26021265659109D+01
 
  440.0000000   0.18628600870739D+01   0.19043708921577D+01   0.19549934828488D+01   0.20169507899964D+01   0.20916996448016D+01   0.21806501248892D+01   0.22852803843083D+01   0.24026858942840D+01
 
  440.0000000   0.17264812678013D+01   0.17561066221738D+01   0.17910370875022D+01   0.18324249294660D+01   0.18806108279348D+01   0.19356691539519D+01   0.19974073084089D+01   0.20598832409343D+01
 
  440.0000000   0.16358547612058D+01   0.16576485791724D+01   0.16823546726493D+01   0.17103828946259D+01   0.17414043319136D+01   0.17747473834583D+01   0.18093485659117D+01   0.18380811928850D+01
