 #  SCIATRAN 2.2 (DOM, spherical mode)
 #  Height resolved air mass factors for no2
 #  Spectral range:  440.000 -  440.000
 #  The number of spectral points:    1
 #  The number of altitude levels:  44
    10.000     9.800     9.600     9.400     9.200     9.000     8.800     8.600     8.400     8.200     8.000     7.800     7.600     7.400     7.200     7.000     6.800     6.600     6.400     6.200     6.000     5.800     5.600     5.400     5.200     5.000     4.800     4.600     4.400     4.200     4.000     3.800     3.600     3.400     3.200     3.000     2.800     2.600     2.400     2.200     2.000     1.800     1.600     1.400
 
  440.0000000   0.11073086562331D+01   0.11588486985571D+01   0.12252559878354D+01   0.13101643128411D+01   0.14189929268398D+01   0.15597818849908D+01   0.17447771894871D+01   0.19964933675207D+01
 
  440.0000000   0.11135613421001D+01   0.11653998075746D+01   0.12321587489983D+01   0.13174653683874D+01   0.14267350794274D+01   0.15680043742848D+01   0.17535158354826D+01   0.20057767552658D+01
 
  440.0000000   0.11257425735898D+01   0.11781573806159D+01   0.12455948578895D+01   0.13316684954379D+01   0.14417855166718D+01   0.15839745930963D+01   0.17704703806377D+01   0.20237625210170D+01
 
  440.0000000   0.11373800746589D+01   0.11903361633751D+01   0.12584097555588D+01   0.13451995942333D+01   0.14561037534517D+01   0.15991417992303D+01   0.17865384742200D+01   0.20407598842605D+01
 
  440.0000000   0.11486618159144D+01   0.12021348057434D+01   0.12708148752450D+01   0.13582850306212D+01   0.14699333451907D+01   0.16137691848354D+01   0.18020057397090D+01   0.20570805334297D+01
 
  440.0000000   0.11597372337621D+01   0.12137111990181D+01   0.12829782329689D+01   0.13711046176901D+01   0.14834676532270D+01   0.16280655651975D+01   0.18170986418091D+01   0.20729714071467D+01
 
  440.0000000   0.11707253834459D+01   0.12251911155899D+01   0.12950336405982D+01   0.13838015233952D+01   0.14968605824019D+01   0.16421970940858D+01   0.18319973438274D+01   0.20886289221227D+01
 
  440.0000000   0.11817234228446D+01   0.12366771591191D+01   0.13070902167822D+01   0.13964924318819D+01   0.15102374801621D+01   0.16562989852555D+01   0.18468483331172D+01   0.21042126059647D+01
 
  440.0000000   0.11928141107867D+01   0.12482566670778D+01   0.13192407695919D+01   0.14092764806981D+01   0.15237047021272D+01   0.16704857798892D+01   0.18617754648253D+01   0.21198570028462D+01
 
  440.0000000   0.12040712625619D+01   0.12600074945672D+01   0.13315679774362D+01   0.14222419111149D+01   0.15373568127735D+01   0.16848591935003D+01   0.18768885764954D+01   0.21356812242187D+01
 
  440.0000000   0.12155637073746D+01   0.12720022067382D+01   0.13441488624639D+01   0.14354708687988D+01   0.15512817617846D+01   0.16995137204391D+01   0.18922895808979D+01   0.21517956066467D+01
 
  440.0000000   0.12273610609245D+01   0.12843141975550D+01   0.13570613286782D+01   0.14490464372244D+01   0.15655684974274D+01   0.17145449272807D+01   0.19080815661912D+01   0.21683117930967D+01
 
  440.0000000   0.12395424759399D+01   0.12970268982074D+01   0.13703939126058D+01   0.14630630056245D+01   0.15803180247465D+01   0.17300612757201D+01   0.19243814644371D+01   0.21853563274915D+01
 
  440.0000000   0.12522082550820D+01   0.13102459993669D+01   0.13842587281144D+01   0.14776400355977D+01   0.15956580910931D+01   0.17461998282961D+01   0.19413368916002D+01   0.22030887432762D+01
 
  440.0000000   0.12654949854010D+01   0.13241154317836D+01   0.13988084621104D+01   0.14929402298504D+01   0.16117626955520D+01   0.17631472912946D+01   0.19591489658013D+01   0.22217264541790D+01
 
  440.0000000   0.12795985690875D+01   0.13388416543827D+01   0.14142621625638D+01   0.15091970370804D+01   0.16288815328847D+01   0.17811716451044D+01   0.19781064259948D+01   0.22415817022372D+01
 
  440.0000000   0.12948137698977D+01   0.13547353524732D+01   0.14309495058574D+01   0.15267618620746D+01   0.16473905311976D+01   0.18006764413527D+01   0.19986442206770D+01   0.22631250452769D+01
 
  440.0000000   0.13116013061935D+01   0.13722821463923D+01   0.14493858159475D+01   0.15461840077367D+01   0.16678773407208D+01   0.18222925325339D+01   0.20214423282786D+01   0.22870922084616D+01
 
  440.0000000   0.13307018954311D+01   0.13922627747841D+01   0.14703995664657D+01   0.15683465311267D+01   0.16912865978802D+01   0.18470339189247D+01   0.20475936304780D+01   0.23146655735224D+01
 
  440.0000000   0.13533775277064D+01   0.14160081178345D+01   0.14954038006192D+01   0.15947568784632D+01   0.17192329452219D+01   0.18766369257707D+01   0.20789740300950D+01   0.23478809316018D+01
 
  440.0000000   0.18701796850184D+01   0.19339686669381D+01   0.20147081674396D+01   0.21155294138006D+01   0.22415570869107D+01   0.24005518880974D+01   0.26044633872978D+01   0.28747287086486D+01
 
  440.0000000   0.23677858847393D+01   0.24325179903823D+01   0.25143042046516D+01   0.26161847274322D+01   0.27431949084229D+01   0.29029738473374D+01   0.31072877528011D+01   0.33770943165196D+01
 
  440.0000000   0.23510582234477D+01   0.24163897664333D+01   0.24987928550644D+01   0.26012070287117D+01   0.27285527710994D+01   0.28883030811891D+01   0.30919645518974D+01   0.33598646506896D+01
 
  440.0000000   0.23286013841922D+01   0.23942574452761D+01   0.24769494025040D+01   0.25795233432717D+01   0.27067830576570D+01   0.28660275286485D+01   0.30684868965398D+01   0.33338419327614D+01
 
  440.0000000   0.23014946997647D+01   0.23672624219426D+01   0.24499898058882D+01   0.25524363597111D+01   0.26792879609644D+01   0.28376630323440D+01   0.30385010996791D+01   0.33008234729126D+01
 
  440.0000000   0.22703785880459D+01   0.23360827756390D+01   0.24186371860583D+01   0.25207220717930D+01   0.26469046639416D+01   0.28041170568274D+01   0.30029954538787D+01   0.32618907387984D+01
 
  440.0000000   0.22356104192180D+01   0.23010973942706D+01   0.23832954295860D+01   0.24848149892164D+01   0.26101042603477D+01   0.27659029769500D+01   0.29625306433503D+01   0.32176565947463D+01
 
  440.0000000   0.21973622382233D+01   0.22624894365628D+01   0.23441604120973D+01   0.24449274046881D+01   0.25691191050571D+01   0.27232757526541D+01   0.29173845058032D+01   0.31684202718655D+01
 
  440.0000000   0.21556853625922D+01   0.22203144138231D+01   0.23012921057622D+01   0.24011252115007D+01   0.25240222534638D+01   0.26763157434228D+01   0.28676424946175D+01   0.31142654959229D+01
 
  440.0000000   0.21105593280668D+01   0.21745510056872D+01   0.22546669493171D+01   0.23533828108634D+01   0.24747856254746D+01   0.26249900318190D+01   0.28132610209168D+01   0.30551251119765D+01
 
  440.0000000   0.20619211708553D+01   0.21251321580466D+01   0.22042135155936D+01   0.23016216792540D+01   0.24213190412599D+01   0.25691898615037D+01   0.27541025794654D+01   0.29908148499106D+01
 
  440.0000000   0.20096888312066D+01   0.20719686497956D+01   0.21498352815007D+01   0.22457310384296D+01   0.23634881141684D+01   0.25087464299678D+01   0.26899521441032D+01   0.29210504634443D+01
 
  440.0000000   0.19537587627129D+01   0.20149446987026D+01   0.20914003755441D+01   0.21855549538929D+01   0.23011016887417D+01   0.24434183146103D+01   0.26204976138056D+01   0.28454106313248D+01
 
  440.0000000   0.18939814433181D+01   0.19538912381319D+01   0.20287137415613D+01   0.21208664248239D+01   0.22338882492739D+01   0.23728642624123D+01   0.25452818915413D+01   0.27632504092569D+01
 
  440.0000000   0.18301121600572D+01   0.18885324535002D+01   0.19614570722167D+01   0.20512967262253D+01   0.21614117346367D+01   0.22965457335282D+01   0.24635984904287D+01   0.26735954719421D+01
 
  440.0000000   0.17617376832529D+01   0.18184028633505D+01   0.18890841417872D+01   0.19762051588710D+01   0.20829162315987D+01   0.22135531958220D+01   0.23743160445618D+01   0.25749757811466D+01
 
  440.0000000   0.16881509435412D+01   0.17427133811739D+01   0.18106846063611D+01   0.18945342368900D+01   0.19971623688376D+01   0.21224112769785D+01   0.22756381031773D+01   0.24651329204292D+01
 
  440.0000000   0.16081028065833D+01   0.16600948267610D+01   0.17247459771068D+01   0.18045607798965D+01   0.19021322530751D+01   0.20207144285271D+01   0.21646764014227D+01   0.23405648999902D+01
 
  440.0000000   0.15194502207667D+01   0.15682095822945D+01   0.16286947558502D+01   0.17033630806002D+01   0.17944278800392D+01   0.19044681677169D+01   0.20367545141102D+01   0.21958099998993D+01
 
  440.0000000   0.14185146266632D+01   0.14630446143502D+01   0.15180632815039D+01   0.15858879092806D+01   0.16682718257689D+01   0.17670357723786D+01   0.18842646646432D+01   0.20221730459372D+01
 
  440.0000000   0.12986860637934D+01   0.13374355618271D+01   0.13849481793012D+01   0.14432859019379D+01   0.15136654833488D+01   0.15971033770557D+01   0.16945008266664D+01   0.18055738486495D+01
 
  440.0000000   0.11472073029858D+01   0.11776764370527D+01   0.12144838542017D+01   0.12591993556744D+01   0.13124266391715D+01   0.13744055877844D+01   0.14450250755192D+01   0.15216867981193D+01
 
  440.0000000   0.92845676016208D+00   0.94574379953143D+00   0.96581907614316D+00   0.98934230803086D+00   0.10161984843652D+01   0.10459147918517D+01   0.10776467831040D+01   0.11077715088331D+01
 
  440.0000000   0.79547869125742D+00   0.80450011720203D+00   0.81417438307685D+00   0.82457745877053D+00   0.83520274997598D+00   0.84523763349698D+00   0.85354703723729D+00   0.85652359771040D+00
