 #  SCIATRAN 2.2 (DOM, spherical mode)
 #  Height resolved air mass factors for no2
 #  Spectral range:  440.000 -  440.000
 #  The number of spectral points:    1
 #  The number of altitude levels:  51
    10.000     9.800     9.600     9.400     9.200     9.000     8.800     8.600     8.400     8.200     8.000     7.800     7.600     7.400     7.200     7.000     6.800     6.600     6.400     6.200     6.000     5.800     5.600     5.400     5.200     5.000     4.800     4.600     4.400     4.200     4.000     3.800     3.600     3.400     3.200     3.000     2.800     2.600     2.400     2.200     2.000     1.800     1.600     1.400     1.200     1.000     0.800     0.600     0.400     0.200     0.000
 
  440.0000000   0.10758489156149D+01   0.11247315933973D+01   0.11877164423147D+01   0.12681679006877D+01   0.13712059465763D+01   0.15043952128302D+01   0.16790632619701D+01   0.19153010168643D+01
 
  440.0000000   0.10809476786867D+01   0.11300734233065D+01   0.11933553061493D+01   0.12741599820535D+01   0.13776137152999D+01   0.15112901952925D+01   0.16865290128427D+01   0.19234369312532D+01
 
  440.0000000   0.10908488600070D+01   0.11404415715723D+01   0.12042937059887D+01   0.12857754757949D+01   0.13900245698971D+01   0.15246311540758D+01   0.17009564492221D+01   0.19391335700235D+01
 
  440.0000000   0.11002442266954D+01   0.11502706312238D+01   0.12146516381565D+01   0.12967594306908D+01   0.14017410749155D+01   0.15372003007237D+01   0.17145156411810D+01   0.19538369398568D+01
 
  440.0000000   0.11092892013301D+01   0.11597250577375D+01   0.12246047225657D+01   0.13073010494576D+01   0.14129688755349D+01   0.15492232267047D+01   0.17274565862184D+01   0.19678277408276D+01
 
  440.0000000   0.11181056951602D+01   0.11689338160160D+01   0.12342906411742D+01   0.13175486096109D+01   0.14238690644515D+01   0.15608765607023D+01   0.17399749161725D+01   0.19813254827278D+01
 
  440.0000000   0.11267888810508D+01   0.11779975725476D+01   0.12438168511141D+01   0.13276178191542D+01   0.14345673271880D+01   0.15722980869316D+01   0.17522232262209D+01   0.19945013772310D+01
 
  440.0000000   0.11354141077325D+01   0.11869959963641D+01   0.12532683613861D+01   0.13376001687718D+01   0.14451629852639D+01   0.15835966166436D+01   0.17643219427328D+01   0.20074904314326D+01
 
  440.0000000   0.11440428141244D+01   0.11959939981131D+01   0.12627143706606D+01   0.13475700504007D+01   0.14557366898124D+01   0.15948603682072D+01   0.17763685249384D+01   0.20204016513684D+01
 
  440.0000000   0.11527265522888D+01   0.12050460041936D+01   0.12722128547506D+01   0.13575897312476D+01   0.14663558716093D+01   0.16061630067405D+01   0.17884442449828D+01   0.20333257869753D+01
 
  440.0000000   0.11615095586482D+01   0.12141986896280D+01   0.12818134989205D+01   0.13677125288072D+01   0.14770782098450D+01   0.16175674688995D+01   0.18006184474317D+01   0.20463401382396D+01
 
  440.0000000   0.11704322597561D+01   0.12234947063609D+01   0.12915617045051D+01   0.13779871613338D+01   0.14879564072751D+01   0.16291312667941D+01   0.18129545224540D+01   0.20595154073936D+01
 
  440.0000000   0.11795363185782D+01   0.12329779921919D+01   0.13015042188903D+01   0.13884637600787D+01   0.14990446537592D+01   0.16409134836668D+01   0.18255175312176D+01   0.20729240736039D+01
 
  440.0000000   0.11888706417628D+01   0.12427000898181D+01   0.13116958358332D+01   0.13992010227776D+01   0.15104063141502D+01   0.16529830921759D+01   0.18383832721185D+01   0.20866503498657D+01
 
  440.0000000   0.11984981231819D+01   0.12527272830420D+01   0.13222070190293D+01   0.14102744286934D+01   0.15221228603284D+01   0.16654287632813D+01   0.18516491809378D+01   0.21008024748039D+01
 
  440.0000000   0.12085052542231D+01   0.12631507439104D+01   0.13331347102810D+01   0.14217878387202D+01   0.15343064165166D+01   0.16783725468005D+01   0.18654493944442D+01   0.21155294854184D+01
 
  440.0000000   0.12190189280347D+01   0.12741042681969D+01   0.13446212135330D+01   0.14338937581835D+01   0.15471216714364D+01   0.16919937696076D+01   0.18799810753911D+01   0.21310505540368D+01
 
  440.0000000   0.12302349374450D+01   0.12857943149070D+01   0.13568861047038D+01   0.14468275046343D+01   0.15608227609182D+01   0.17065691891726D+01   0.18955485414298D+01   0.21477039957760D+01
 
  440.0000000   0.12424661852292D+01   0.12985508084577D+01   0.13702801376015D+01   0.14609648927602D+01   0.15758155351635D+01   0.17225408102922D+01   0.19126378316106D+01   0.21660301052845D+01
 
  440.0000000   0.12562248360235D+01   0.13129138173277D+01   0.13853776429563D+01   0.14769213447713D+01   0.15927645166133D+01   0.17406321618624D+01   0.19320443542918D+01   0.21869128925394D+01
 
  440.0000000   0.17687058842547D+01   0.18260321517509D+01   0.18992619352828D+01   0.19916855006080D+01   0.21085215616201D+01   0.22574965517417D+01   0.24501293286299D+01   0.27062532332826D+01
 
  440.0000000   0.22755609245329D+01   0.23334290652470D+01   0.24072895991904D+01   0.25003984103939D+01   0.26179470904470D+01   0.27676234773051D+01   0.29608805329138D+01   0.32173203588044D+01
 
  440.0000000   0.22778143447705D+01   0.23360822118642D+01   0.24103893403500D+01   0.25039466721512D+01   0.26219014817875D+01   0.27718760737584D+01   0.29652141702353D+01   0.32211943302225D+01
 
  440.0000000   0.22779815710610D+01   0.23365404843432D+01   0.24111599294788D+01   0.25050054222903D+01   0.26231751642217D+01   0.27732176162778D+01   0.29663538840617D+01   0.32215190366078D+01
 
  440.0000000   0.22764862091313D+01   0.23352523448720D+01   0.24100805804879D+01   0.25040915793352D+01   0.26223311029026D+01   0.27722674365730D+01   0.29649886125034D+01   0.32190713465840D+01
 
  440.0000000   0.22735636881644D+01   0.23324678649164D+01   0.24074195485912D+01   0.25014963495250D+01   0.26196892897411D+01   0.27693814657280D+01   0.29615191710231D+01   0.32143097041815D+01
 
  440.0000000   0.22693066571578D+01   0.23282869775577D+01   0.24032859141424D+01   0.24973415755408D+01   0.26153889287844D+01   0.27647217822261D+01   0.29561369967462D+01   0.32074647084353D+01
 
  440.0000000   0.22636770837175D+01   0.23226728086718D+01   0.23976445443560D+01   0.24915976564136D+01   0.26094106951568D+01   0.27582841420974D+01   0.29488567548554D+01   0.31985770383199D+01
 
  440.0000000   0.22564798057965D+01   0.23154250652490D+01   0.23902904180776D+01   0.24840602257776D+01   0.26015568839465D+01   0.27498816833394D+01   0.29395014919489D+01   0.31874826194140D+01
 
  440.0000000   0.22472739085380D+01   0.23060918655901D+01   0.23807715951291D+01   0.24742801129185D+01   0.25913818645760D+01   0.27390705961900D+01   0.29276226329425D+01   0.31737358514354D+01
 
  440.0000000   0.22329971653444D+01   0.22917132627857D+01   0.23662453094729D+01   0.24595479577225D+01   0.25763331978183D+01   0.27234916542760D+01   0.29111096851077D+01   0.31554449798327D+01
 
  440.0000000   0.22233799528582D+01   0.22820231919496D+01   0.23563694932850D+01   0.24494147772015D+01   0.25657881137110D+01   0.27121892503199D+01   0.28983355736327D+01   0.31395561898542D+01
 
  440.0000000   0.22250735106189D+01   0.22836766296139D+01   0.23577829521502D+01   0.24504760215747D+01   0.25662408484313D+01   0.27114491845184D+01   0.28951983655993D+01   0.31313836427062D+01
 
  440.0000000   0.22221334180559D+01   0.22808091008349D+01   0.23548245668452D+01   0.24472875011584D+01   0.25625471126096D+01   0.27067077772311D+01   0.28883943579837D+01   0.31203224801320D+01
 
  440.0000000   0.22123650609101D+01   0.22709747568000D+01   0.23447950206950D+01   0.24368582223204D+01   0.25514167026817D+01   0.26944398192445D+01   0.28743534771611D+01   0.31032122889259D+01
 
  440.0000000   0.22016767170038D+01   0.22599912120008D+01   0.23333722083951D+01   0.24247571900932D+01   0.25383096975515D+01   0.26798862043416D+01   0.28577542904770D+01   0.30834774807940D+01
 
  440.0000000   0.21882605646200D+01   0.22461874336042D+01   0.23190286722450D+01   0.24096604773795D+01   0.25221599308769D+01   0.26622540172416D+01   0.28380089317512D+01   0.30605034624483D+01
 
  440.0000000   0.21723331719065D+01   0.22297866521852D+01   0.23019884489224D+01   0.23917872683760D+01   0.25031758930841D+01   0.26417362104640D+01   0.28152932877779D+01   0.30344254763602D+01
 
  440.0000000   0.21539555210509D+01   0.22108473513304D+01   0.22823026119687D+01   0.23711766112474D+01   0.24813743815636D+01   0.26183060692389D+01   0.27894965530731D+01   0.30049509836898D+01
 
  440.0000000   0.21336715717340D+01   0.21899005982587D+01   0.22604646336391D+01   0.23482831862866D+01   0.24571549694954D+01   0.25922513453814D+01   0.27606616503445D+01   0.29715816959457D+01
 
  440.0000000   0.21136299634800D+01   0.21690363319111D+01   0.22384399421667D+01   0.23249191821122D+01   0.24320974335194D+01   0.25647259124339D+01   0.27291162079881D+01   0.29329878152023D+01
 
  440.0000000   0.20969124791948D+01   0.21508406694687D+01   0.22180585006825D+01   0.23018159573526D+01   0.24053367168369D+01   0.25325337568017D+01   0.26882400264170D+01   0.28770118699341D+01
 
  440.0000000   0.20649314940810D+01   0.21131118078521D+01   0.21722021205249D+01   0.22448812425707D+01   0.23333181345313D+01   0.24398658054033D+01   0.25670602715996D+01   0.27133071788795D+01
 
  440.0000000   0.19405259472890D+01   0.19729456146425D+01   0.20109260811564D+01   0.20553771617988D+01   0.21066152214317D+01   0.21648031596230D+01   0.22299015619566D+01   0.22943007577990D+01
 
  440.0000000   0.17454429925265D+01   0.17631209076438D+01   0.17818178266292D+01   0.18009619131942D+01   0.18194478091318D+01   0.18358482536120D+01   0.18483972546754D+01   0.18478921013674D+01
 
  440.0000000   0.16332427351296D+01   0.16464329406806D+01   0.16593971457631D+01   0.16711675198479D+01   0.16802638986256D+01   0.16848227646989D+01   0.16825553468347D+01   0.16649256949462D+01
 
  440.0000000   0.15973188425621D+01   0.16089167270608D+01   0.16199453293410D+01   0.16293512297036D+01   0.16355962234271D+01   0.16367600515458D+01   0.16304990297559D+01   0.16087237992370D+01
 
  440.0000000   0.15565911530671D+01   0.15664955022944D+01   0.15754865877980D+01   0.15824430780719D+01   0.15857927838772D+01   0.15835931970517D+01   0.15734965233273D+01   0.15478999738399D+01
 
  440.0000000   0.15107155683867D+01   0.15187874681034D+01   0.15255949535636D+01   0.15299572839453D+01   0.15302879808948D+01   0.15246529406318D+01   0.15107470202194D+01   0.14815077318024D+01
 
  440.0000000   0.14573616845221D+01   0.14633610461827D+01   0.14677238301193D+01   0.14692260925178D+01   0.14662870473083D+01   0.14570066581800D+01   0.14391565741812D+01   0.14062892361518D+01
 
  440.0000000   0.14283705677316D+01   0.14332553890193D+01   0.14363092533777D+01   0.14362941400013D+01   0.14316374350334D+01   0.14204611694660D+01   0.14005802604222D+01   0.13658762649270D+01
