 #  SCIATRAN 2.2 (DOM, spherical mode)
 #  Height resolved air mass factors for no2
 #  Spectral range:  440.000 -  440.000
 #  The number of spectral points:    1
 #  The number of altitude levels:  44
    10.000     9.800     9.600     9.400     9.200     9.000     8.800     8.600     8.400     8.200     8.000     7.800     7.600     7.400     7.200     7.000     6.800     6.600     6.400     6.200     6.000     5.800     5.600     5.400     5.200     5.000     4.800     4.600     4.400     4.200     4.000     3.800     3.600     3.400     3.200     3.000     2.800     2.600     2.400     2.200     2.000     1.800     1.600     1.400
 
  440.0000000   0.11075226249992D+01   0.11590782265245D+01   0.12255590894531D+01   0.13103341612087D+01   0.14188772568921D+01   0.15595703400616D+01   0.17455329912417D+01   0.19991827558290D+01
 
  440.0000000   0.11130677346417D+01   0.11649018610373D+01   0.12317185840066D+01   0.13168855487276D+01   0.14258793655711D+01   0.15670869689159D+01   0.17536354284798D+01   0.20079453130849D+01
 
  440.0000000   0.11238458900475D+01   0.11762163065901D+01   0.12436792280787D+01   0.13295989524937D+01   0.14394567351448D+01   0.15816480904898D+01   0.17693129848107D+01   0.20248737850024D+01
 
  440.0000000   0.11340945892669D+01   0.11869654863390D+01   0.12550305399369D+01   0.13416493288877D+01   0.14523060519194D+01   0.15954023675987D+01   0.17840874220993D+01   0.20407776419796D+01
 
  440.0000000   0.11439835649493D+01   0.11973293500886D+01   0.12659649527093D+01   0.13532440565662D+01   0.14646524402720D+01   0.16085959855091D+01   0.17982301058785D+01   0.20559588921627D+01
 
  440.0000000   0.11536467353222D+01   0.12074498448123D+01   0.12766342205138D+01   0.13645466176007D+01   0.14766732928738D+01   0.16214228341083D+01   0.18119546446115D+01   0.20706551082136D+01
 
  440.0000000   0.11631896169864D+01   0.12174388005424D+01   0.12871578870217D+01   0.13756857755947D+01   0.14885083057495D+01   0.16340355761090D+01   0.18254292110274D+01   0.20850533147957D+01
 
  440.0000000   0.11726969119591D+01   0.12273859578619D+01   0.12976318479005D+01   0.13867647744129D+01   0.15002694259179D+01   0.16465564727107D+01   0.18387883995777D+01   0.20993030719413D+01
 
  440.0000000   0.11822390890330D+01   0.12373659252788D+01   0.13081357642584D+01   0.13978692924497D+01   0.15120494395715D+01   0.16590867110379D+01   0.18521434165217D+01   0.21135276791019D+01
 
  440.0000000   0.11918770488929D+01   0.12474431433884D+01   0.13187383959046D+01   0.14090732244376D+01   0.15239282963994D+01   0.16717133870996D+01   0.18655898728635D+01   0.21278329922851D+01
 
  440.0000000   0.12016652988318D+01   0.12576752626923D+01   0.13295012270606D+01   0.14204426041670D+01   0.15359773851497D+01   0.16845142000130D+01   0.18792129785441D+01   0.21423132260300D+01
 
  440.0000000   0.12116564499164D+01   0.12681179311061D+01   0.13404836130253D+01   0.14320411876911D+01   0.15482656456713D+01   0.16975642085978D+01   0.18930950969791D+01   0.21570595224319D+01
 
  440.0000000   0.12219077964727D+01   0.12788317368402D+01   0.13517501628339D+01   0.14439383522138D+01   0.15608680670816D+01   0.17109450232786D+01   0.19073257431824D+01   0.21721708829481D+01
 
  440.0000000   0.12324896447629D+01   0.12898909983840D+01   0.13633800883205D+01   0.14562191011823D+01   0.15738764548224D+01   0.17247564572537D+01   0.19220142675438D+01   0.21877680536601D+01
 
  440.0000000   0.12434955923374D+01   0.13013946622797D+01   0.13754788612485D+01   0.14689966284929D+01   0.15874130735114D+01   0.17391314601351D+01   0.19373063593266D+01   0.22040119644283D+01
 
  440.0000000   0.12550577452602D+01   0.13134824105497D+01   0.13881954072617D+01   0.14824307977487D+01   0.16016506366665D+01   0.17542578901609D+01   0.19534079511919D+01   0.22211301983155D+01
 
  440.0000000   0.12673730076682D+01   0.13263624807338D+01   0.14017517961976D+01   0.14967600473681D+01   0.16168468185138D+01   0.17704161087910D+01   0.19706265126566D+01   0.22394627514907D+01
 
  440.0000000   0.12807475943654D+01   0.13403587392213D+01   0.14164934402885D+01   0.15123552794953D+01   0.16334024721443D+01   0.17880422979870D+01   0.19894404553940D+01   0.22595387338723D+01
 
  440.0000000   0.12956725402378D+01   0.13559904977439D+01   0.14329740652692D+01   0.15298110078264D+01   0.16519601246575D+01   0.18078356741199D+01   0.20106167424603D+01   0.22822063803090D+01
 
  440.0000000   0.13131438297720D+01   0.13743141599491D+01   0.14523242750044D+01   0.15503469018409D+01   0.16738462811432D+01   0.18312521329956D+01   0.20357708782805D+01   0.23092792330913D+01
 
  440.0000000   0.18268906944976D+01   0.18889671844595D+01   0.19680551308824D+01   0.20673012781520D+01   0.21921594344188D+01   0.23510486347118D+01   0.25571569712356D+01   0.28322292763658D+01
 
  440.0000000   0.23278275390250D+01   0.23906087888642D+01   0.24705009847608D+01   0.25706002284207D+01   0.26963077650788D+01   0.28559625097640D+01   0.30626163611688D+01   0.33376467731472D+01
 
  440.0000000   0.23190247472914D+01   0.23822272404776D+01   0.24625639195510D+01   0.25630681574942D+01   0.26890616204905D+01   0.28487574609940D+01   0.30549945537076D+01   0.33286438190777D+01
 
  440.0000000   0.23062022326248D+01   0.23696119885934D+01   0.24501295508494D+01   0.25507295271871D+01   0.26766467338690D+01   0.28359531677339D+01   0.30412475466393D+01   0.33128581977397D+01
 
  440.0000000   0.22902114966273D+01   0.23536651559380D+01   0.24341606068495D+01   0.25346204532205D+01   0.26601873744057D+01   0.28187791929029D+01   0.30227306368674D+01   0.32917939554162D+01
 
  440.0000000   0.22715730848553D+01   0.23349381855217D+01   0.24152461612526D+01   0.25153754343678D+01   0.26403718832841D+01   0.27979866539820D+01   0.30002671650076D+01   0.32663565290859D+01
 
  440.0000000   0.22505968692400D+01   0.23137588960729D+01   0.23937362650200D+01   0.24933707565397D+01   0.26176066504426D+01   0.27740156582429D+01   0.29743341557593D+01   0.32370611653661D+01
 
  440.0000000   0.22274570322022D+01   0.22903108338081D+01   0.23698265025031D+01   0.24688146360426D+01   0.25921125480094D+01   0.27470995356199D+01   0.29451772084553D+01   0.32041613821808D+01
 
  440.0000000   0.22022413324529D+01   0.22646845403965D+01   0.23436104049202D+01   0.24418050827673D+01   0.25639918721938D+01   0.27173405857282D+01   0.29128867496228D+01   0.31677151256918D+01
 
  440.0000000   0.21749771677080D+01   0.22369053885054D+01   0.23151106552182D+01   0.24123635952860D+01   0.25332633463207D+01   0.26847457952426D+01   0.28774356076330D+01   0.31276266735002D+01
 
  440.0000000   0.21456492144762D+01   0.22069518479054D+01   0.22842980290479D+01   0.23804502950055D+01   0.24998703244257D+01   0.26492301149398D+01   0.28386894604383D+01   0.30836776205111D+01
 
  440.0000000   0.21142063380544D+01   0.21747614037909D+01   0.22510939220159D+01   0.23459645607393D+01   0.24636812568260D+01   0.26106172815923D+01   0.27964058236799D+01   0.30355199285673D+01
 
  440.0000000   0.20805450798199D+01   0.21402117945860D+01   0.22153465127553D+01   0.23087187982872D+01   0.24244634068913D+01   0.25686126797932D+01   0.27501987866266D+01   0.29826226649793D+01
 
  440.0000000   0.20444836295061D+01   0.21030931575355D+01   0.21768033392573D+01   0.22684095983364D+01   0.23818494285489D+01   0.25227612770772D+01   0.26994833893287D+01   0.29241995662723D+01
 
  440.0000000   0.20057143094756D+01   0.20630612266178D+01   0.21350788487150D+01   0.22245859285689D+01   0.23352900569846D+01   0.24723759249756D+01   0.26433884363113D+01   0.28591276713479D+01
 
  440.0000000   0.19637503369283D+01   0.20195766858468D+01   0.20895772053539D+01   0.21765520611726D+01   0.22839370038907D+01   0.24164048832400D+01   0.25806216307117D+01   0.27858213904530D+01
 
  440.0000000   0.19178598112457D+01   0.19718226310068D+01   0.20393627321048D+01   0.21232093263485D+01   0.22264788079519D+01   0.23532726318013D+01   0.25092972400899D+01   0.27020111100678D+01
 
  440.0000000   0.18668979620792D+01   0.19185235949158D+01   0.19829636744980D+01   0.20628466157757D+01   0.21609170710372D+01   0.22806327005677D+01   0.24266413430104D+01   0.26043810771026D+01
 
  440.0000000   0.18090100624561D+01   0.18576341344465D+01   0.19180634883999D+01   0.19928084228356D+01   0.20841824302819D+01   0.21949164302978D+01   0.23284905647230D+01   0.24880632388693D+01
 
  440.0000000   0.17411642840707D+01   0.17858425077391D+01   0.18409792678931D+01   0.19089061185070D+01   0.19914433567582D+01   0.20905400450526D+01   0.22084720041321D+01   0.23459036042212D+01
 
  440.0000000   0.16582692920482D+01   0.16976334025592D+01   0.17456716503254D+01   0.18043901010383D+01   0.18750429850537D+01   0.19587740196641D+01   0.20567071038520D+01   0.21669407359449D+01
 
  440.0000000   0.15510583888403D+01   0.15830335826145D+01   0.16213300811812D+01   0.16673864486644D+01   0.17217850981456D+01   0.17848295472210D+01   0.18565576145181D+01   0.19327324125987D+01
 
  440.0000000   0.13939925653699D+01   0.14146654260581D+01   0.14383598537066D+01   0.14655767504848D+01   0.14960609286006D+01   0.15291989824600D+01   0.15639819436622D+01   0.15947816743953D+01
 
  440.0000000   0.12981258080213D+01   0.13118219323836D+01   0.13265783494722D+01   0.13423151239898D+01   0.13583069906821D+01   0.13734558030087D+01   0.13862340832378D+01   0.13906818169431D+01
