 #  SCIATRAN 2.2 (DOM, spherical mode)
 #  Height resolved air mass factors for no2
 #  Spectral range:  440.000 -  440.000
 #  The number of spectral points:    1
 #  The number of altitude levels:  51
    10.000     9.800     9.600     9.400     9.200     9.000     8.800     8.600     8.400     8.200     8.000     7.800     7.600     7.400     7.200     7.000     6.800     6.600     6.400     6.200     6.000     5.800     5.600     5.400     5.200     5.000     4.800     4.600     4.400     4.200     4.000     3.800     3.600     3.400     3.200     3.000     2.800     2.600     2.400     2.200     2.000     1.800     1.600     1.400     1.200     1.000     0.800     0.600     0.400     0.200     0.000
 
  440.0000000   0.10906889497831D+01   0.11406557554857D+01   0.12051214036384D+01   0.12871808056311D+01   0.13921066423398D+01   0.15281034046048D+01   0.17082054502964D+01   0.19536036975277D+01
 
  440.0000000   0.10952800539917D+01   0.11454882442380D+01   0.12102510938111D+01   0.12926675423948D+01   0.13980188174982D+01   0.15345219287349D+01   0.17152289715493D+01   0.19613486948462D+01
 
  440.0000000   0.11041845945560D+01   0.11548559602083D+01   0.12201886730325D+01   0.13032886483964D+01   0.14094527962527D+01   0.15469211141993D+01   0.17287780419656D+01   0.19762621220452D+01
 
  440.0000000   0.11126139640797D+01   0.11637144432400D+01   0.12295743280895D+01   0.13133045582619D+01   0.14202152121025D+01   0.15585656295127D+01   0.17414670243556D+01   0.19901771482792D+01
 
  440.0000000   0.11207115784848D+01   0.11722162603825D+01   0.12385720300142D+01   0.13228932685985D+01   0.14305012568966D+01   0.15696718429882D+01   0.17535386858034D+01   0.20033702047521D+01
 
  440.0000000   0.11285899591217D+01   0.11804810817125D+01   0.12473103556798D+01   0.13321942982977D+01   0.14404638515362D+01   0.15804091713153D+01   0.17651830059813D+01   0.20160574704097D+01
 
  440.0000000   0.11363370619536D+01   0.11886024380858D+01   0.12558897837008D+01   0.13413166571923D+01   0.14502224517860D+01   0.15909099285677D+01   0.17765483378126D+01   0.20284077387622D+01
 
  440.0000000   0.11440226693551D+01   0.11966545060003D+01   0.12643899664360D+01   0.13503467133078D+01   0.14598716394970D+01   0.16012787999715D+01   0.17877519666026D+01   0.20405543342669D+01
 
  440.0000000   0.11517038764432D+01   0.12046979255107D+01   0.12728759583927D+01   0.13593549216953D+01   0.14694884578329D+01   0.16116009124547D+01   0.17988890781585D+01   0.20526051914848D+01
 
  440.0000000   0.11594289472890D+01   0.12127839188810D+01   0.12814026649614D+01   0.13684006842888D+01   0.14791377831138D+01   0.16219478492329D+01   0.18100395941496D+01   0.20646507720805D+01
 
  440.0000000   0.11672398857198D+01   0.12209570368922D+01   0.12900178071620D+01   0.13775355831812D+01   0.14888758870181D+01   0.16323816165547D+01   0.18212726421203D+01   0.20767691755659D+01
 
  440.0000000   0.11751759842454D+01   0.12292589514581D+01   0.12987660214852D+01   0.13868078634443D+01   0.14987553970274D+01   0.16429602053873D+01   0.18326528881994D+01   0.20890334924024D+01
 
  440.0000000   0.11832788648398D+01   0.12377337871603D+01   0.13076945500875D+01   0.13962685550475D+01   0.15088319350568D+01   0.16537448501061D+01   0.18442485468706D+01   0.21015207259376D+01
 
  440.0000000   0.11915986786089D+01   0.12464346782154D+01   0.13168602386649D+01   0.14059789997353D+01   0.15191722765324D+01   0.16648089477890D+01   0.18561412273124D+01   0.21143227700441D+01
 
  440.0000000   0.12002015738921D+01   0.12554316937868D+01   0.13263379859475D+01   0.14160199838498D+01   0.15298643683978D+01   0.16762492034220D+01   0.18684384966221D+01   0.21275607728672D+01
 
  440.0000000   0.12091805699322D+01   0.12648233589239D+01   0.13362330122022D+01   0.14265049610654D+01   0.15410317623080D+01   0.16882015760825D+01   0.18812916961500D+01   0.21414052685228D+01
 
  440.0000000   0.12186742111102D+01   0.12747565021555D+01   0.13467023649303D+01   0.14376034171370D+01   0.15528590531184D+01   0.17008691355723D+01   0.18949268300986D+01   0.21561109703426D+01
 
  440.0000000   0.12288982715601D+01   0.12854598972645D+01   0.13579910744719D+01   0.14495799679687D+01   0.15656344144533D+01   0.17145687085304D+01   0.19096963205668D+01   0.21720749644254D+01
 
  440.0000000   0.12401997770664D+01   0.12973014500443D+01   0.13704930592503D+01   0.14628599333428D+01   0.15798210106811D+01   0.17298095356651D+01   0.19261666300346D+01   0.21899354344301D+01
 
  440.0000000   0.12531501435490D+01   0.13108869151252D+01   0.13848567157987D+01   0.14781432772195D+01   0.15961810693335D+01   0.17474297349578D+01   0.19452701309826D+01   0.22107428172271D+01
 
  440.0000000   0.17640871280696D+01   0.18224653229931D+01   0.18972096988558D+01   0.19913906038474D+01   0.21104435106256D+01   0.22628321699749D+01   0.24619400784829D+01   0.27287168561387D+01
 
  440.0000000   0.22675878775725D+01   0.23264218152377D+01   0.24016875269732D+01   0.24964154867310D+01   0.26160034500445D+01   0.27688585485139D+01   0.29682666497179D+01   0.32348817500759D+01
 
  440.0000000   0.22652473293916D+01   0.23243210320968D+01   0.23998282246613D+01   0.24947442061821D+01   0.26144030390042D+01   0.27671137851032D+01   0.29659965985961D+01   0.32312852717260D+01
 
  440.0000000   0.22603575595486D+01   0.23195252711256D+01   0.23950923695317D+01   0.24899769223828D+01   0.26094413657144D+01   0.27616831530651D+01   0.29596346022399D+01   0.32230813904346D+01
 
  440.0000000   0.22533775706593D+01   0.23125231351963D+01   0.23880054706373D+01   0.24826847964720D+01   0.26017459493519D+01   0.27532641086817D+01   0.29499660310062D+01   0.32111680570477D+01
 
  440.0000000   0.22445455975547D+01   0.23035691455648D+01   0.23788423677142D+01   0.24731685386655D+01   0.25916502943925D+01   0.27422316348845D+01   0.29374185316760D+01   0.31960413474384D+01
 
  440.0000000   0.22339271224807D+01   0.22927349707522D+01   0.23676824097667D+01   0.24615188988676D+01   0.25792612998317D+01   0.27287142863355D+01   0.29221483821466D+01   0.31778945204182D+01
 
  440.0000000   0.22214207080703D+01   0.22799161537326D+01   0.23544174687191D+01   0.24476270179678D+01   0.25644730563514D+01   0.27126121842146D+01   0.29040624172503D+01   0.31566438217836D+01
 
  440.0000000   0.22067092931173D+01   0.22647823180168D+01   0.23387038898076D+01   0.24311373222428D+01   0.25469191253191D+01   0.26935469180844D+01   0.28827637633462D+01   0.31318700453714D+01
 
  440.0000000   0.21891195098455D+01   0.22466321239435D+01   0.23198195167806D+01   0.24113025671500D+01   0.25258197341059D+01   0.26706958473839D+01   0.28573717733504D+01   0.31026357768137D+01
 
  440.0000000   0.21626693584475D+01   0.22194062419301D+01   0.22915882295042D+01   0.23817770730458D+01   0.24945935318057D+01   0.26371590431504D+01   0.28205602790195D+01   0.30609337973014D+01
 
  440.0000000   0.21375697156059D+01   0.21933645770508D+01   0.22642574586332D+01   0.23527861694731D+01   0.24634125921077D+01   0.26029575567457D+01   0.27819634283083D+01   0.30154174320394D+01
 
  440.0000000   0.21244795145854D+01   0.21794641279690D+01   0.22491584521575D+01   0.23361242314024D+01   0.24446282266713D+01   0.25810964488331D+01   0.27553425960910D+01   0.29807996010332D+01
 
  440.0000000   0.21091788401771D+01   0.21636191770173D+01   0.22324619793448D+01   0.23182591828078D+01   0.24250998004982D+01   0.25590741095664D+01   0.27294004418180D+01   0.29482082357870D+01
 
  440.0000000   0.20898535842296D+01   0.21437421137371D+01   0.22117704061139D+01   0.22964408276646D+01   0.24017021015122D+01   0.25334086600667D+01   0.27003869422408D+01   0.29139002476277D+01
 
  440.0000000   0.20700555390643D+01   0.21231652175144D+01   0.21901206138808D+01   0.22733752394553D+01   0.23767382715486D+01   0.25058271374201D+01   0.26690719593197D+01   0.28769581912531D+01
 
  440.0000000   0.20466397364084D+01   0.20987545248392D+01   0.21643694399188D+01   0.22459049121082D+01   0.23470102712674D+01   0.24730154979344D+01   0.26318572502239D+01   0.28331249305626D+01
 
  440.0000000   0.20205889092432D+01   0.20714991346473D+01   0.21354947466378D+01   0.22149807215800D+01   0.23134159586452D+01   0.24357738773838D+01   0.25893695068979D+01   0.27826941609158D+01
 
  440.0000000   0.19923870552628D+01   0.20418407127308D+01   0.21038747103726D+01   0.21808753882186D+01   0.22760607277041D+01   0.23939517001607D+01   0.25410741210746D+01   0.27245094159533D+01
 
  440.0000000   0.19620193845790D+01   0.20096426228498D+01   0.20691979552691D+01   0.21430210057945D+01   0.22340094112534D+01   0.23460990618729D+01   0.24848091671986D+01   0.26553459828068D+01
 
  440.0000000   0.19287214867205D+01   0.19738714385920D+01   0.20300396955275D+01   0.20994510620423D+01   0.21845619062452D+01   0.22885378046476D+01   0.24156085099917D+01   0.25684410372118D+01
 
  440.0000000   0.18899612034950D+01   0.19314335584779D+01   0.19825083362083D+01   0.20451434208720D+01   0.21211853830240D+01   0.22128356246677D+01   0.23228121839794D+01   0.24504456802339D+01
 
  440.0000000   0.18389137120839D+01   0.18743406195096D+01   0.19170755470337D+01   0.19684051574061D+01   0.20293258148227D+01   0.21009241458191D+01   0.21844137168187D+01   0.22752432676099D+01
 
  440.0000000   0.17686852504550D+01   0.17953220472248D+01   0.18261689358602D+01   0.18615104912940D+01   0.19012885756042D+01   0.19453410491651D+01   0.19933919207024D+01   0.20376655123753D+01
 
  440.0000000   0.16787444012252D+01   0.16988552798070D+01   0.17209810339801D+01   0.17447151453680D+01   0.17692356805440D+01   0.17934522291661D+01   0.18159613277997D+01   0.18277299325940D+01
 
  440.0000000   0.16173024837519D+01   0.16352591787326D+01   0.16545538384486D+01   0.16745401836490D+01   0.16941304544296D+01   0.17118965462367D+01   0.17259952666547D+01   0.17274520067721D+01
 
  440.0000000   0.15903453415148D+01   0.16069896888167D+01   0.16246459931714D+01   0.16425381580687D+01   0.16594731599682D+01   0.16739022627970D+01   0.16838356765508D+01   0.16805288931598D+01
 
  440.0000000   0.15576311049205D+01   0.15727772187369D+01   0.15885863850014D+01   0.16041787193101D+01   0.16182767162784D+01   0.16292355323334D+01   0.16349508761055D+01   0.16269679784298D+01
 
  440.0000000   0.15193489879065D+01   0.15327966090915D+01   0.15465323902206D+01   0.15595903822896D+01   0.15706243091010D+01   0.15779121984520D+01   0.15792601912081D+01   0.15665677175111D+01
 
  440.0000000   0.14735746646276D+01   0.14850238420581D+01   0.14963403532415D+01   0.15064932070657D+01   0.15140856104091D+01   0.15173408279522D+01   0.15140053956638D+01   0.14964191854752D+01
 
  440.0000000   0.14484201383665D+01   0.14587760218512D+01   0.14687736355588D+01   0.14773564074011D+01   0.14831074116499D+01   0.14842282837621D+01   0.14784429350020D+01   0.14583368178411D+01
