 #  SCIATRAN 2.2 (DOM, spherical mode)
 #  Height resolved air mass factors for no2
 #  Spectral range:  440.000 -  440.000
 #  The number of spectral points:    1
 #  The number of altitude levels:  51
    10.000     9.800     9.600     9.400     9.200     9.000     8.800     8.600     8.400     8.200     8.000     7.800     7.600     7.400     7.200     7.000     6.800     6.600     6.400     6.200     6.000     5.800     5.600     5.400     5.200     5.000     4.800     4.600     4.400     4.200     4.000     3.800     3.600     3.400     3.200     3.000     2.800     2.600     2.400     2.200     2.000     1.800     1.600     1.400     1.200     1.000     0.800     0.600     0.400     0.200     0.000
 
  440.0000000   0.10810978121624D+01   0.11306411366639D+01   0.11945266117027D+01   0.12763062299291D+01   0.13811872518796D+01   0.15167937828625D+01   0.16945229817337D+01   0.19354532450907D+01
 
  440.0000000   0.10860988591840D+01   0.11358968706796D+01   0.12000897563726D+01   0.12822298025664D+01   0.13875271792436D+01   0.15236100515452D+01   0.17018804533639D+01   0.19434239690926D+01
 
  440.0000000   0.10958155310119D+01   0.11461037087498D+01   0.12108877671926D+01   0.12937197513990D+01   0.13998147249214D+01   0.15368077215572D+01   0.17161087174180D+01   0.19588133103148D+01
 
  440.0000000   0.11050472111158D+01   0.11557923840822D+01   0.12211267350684D+01   0.13046005449267D+01   0.14114321053188D+01   0.15492610775428D+01   0.17295021452633D+01   0.19732530014017D+01
 
  440.0000000   0.11139477868097D+01   0.11651261665651D+01   0.12309814089653D+01   0.13150607414012D+01   0.14225843472707D+01   0.15611947401201D+01   0.17423087590779D+01   0.19870197006798D+01
 
  440.0000000   0.11226386137516D+01   0.11742337805468D+01   0.12405895263612D+01   0.13252489075417D+01   0.14334329167828D+01   0.15727855084705D+01   0.17547236617650D+01   0.20003308757521D+01
 
  440.0000000   0.11312152621359D+01   0.11832165866323D+01   0.12500595319698D+01   0.13352819927237D+01   0.14441048877023D+01   0.15841724907712D+01   0.17669003380851D+01   0.20133575796847D+01
 
  440.0000000   0.11397544120958D+01   0.11921558825969D+01   0.12594783720022D+01   0.13452537133232D+01   0.14547020237536D+01   0.15954670056090D+01   0.17789615158969D+01   0.20262364574107D+01
 
  440.0000000   0.11483198416241D+01   0.12011192378040D+01   0.12689182494460D+01   0.13552418092574D+01   0.14653086249445D+01   0.16067611177269D+01   0.17910085050507D+01   0.20390800337515D+01
 
  440.0000000   0.11569667002736D+01   0.12101650434202D+01   0.12784415159881D+01   0.13653133525392D+01   0.14759973415145D+01   0.16181340663501D+01   0.18031283801286D+01   0.20519848541594D+01
 
  440.0000000   0.11657444651013D+01   0.12193456587529D+01   0.12881040510506D+01   0.13755284058472D+01   0.14868331652824D+01   0.16296566516794D+01   0.18153988377694D+01   0.20650369165060D+01
 
  440.0000000   0.11747011255989D+01   0.12287118676283D+01   0.12979600541461D+01   0.13859452238580D+01   0.14978791269518D+01   0.16413975364982D+01   0.18278952442823D+01   0.20783196694821D+01
 
  440.0000000   0.11838893054739D+01   0.12383193403450D+01   0.13080689158875D+01   0.13966276075134D+01   0.15092042146610D+01   0.16534318192599D+01   0.18406999661550D+01   0.20919242206495D+01
 
  440.0000000   0.11933741610606D+01   0.12482369330509D+01   0.13185038854725D+01   0.14076541012070D+01   0.15208933005074D+01   0.16658518813302D+01   0.18539142790040D+01   0.21059624313446D+01
 
  440.0000000   0.12032430828537D+01   0.12585570085679D+01   0.13293632541681D+01   0.14191301176954D+01   0.15330602810800D+01   0.16787816728756D+01   0.18676740495870D+01   0.21205843666368D+01
 
  440.0000000   0.12136201006232D+01   0.12694107636470D+01   0.13407870387850D+01   0.14312060294993D+01   0.15458675930305D+01   0.16923977536625D+01   0.18821726106273D+01   0.21360034751848D+01
 
  440.0000000   0.12246911869996D+01   0.12809949384087D+01   0.13529852047980D+01   0.14441073520363D+01   0.15595588963946D+01   0.17069650527004D+01   0.18977001698444D+01   0.21525403032679D+01
 
  440.0000000   0.12367469728004D+01   0.12936169518267D+01   0.13662856336693D+01   0.14581861474583D+01   0.15745146141501D+01   0.17228973363266D+01   0.19147101165737D+01   0.21706957302559D+01
 
  440.0000000   0.12502550526442D+01   0.13077713992288D+01   0.13812158258641D+01   0.14740087800952D+01   0.15913466714507D+01   0.17408600783026D+01   0.19339315523091D+01   0.21912750907444D+01
 
  440.0000000   0.12659851052994D+01   0.13242723899343D+01   0.13986440346442D+01   0.14925074248288D+01   0.16110621561429D+01   0.17619484071590D+01   0.19565642443306D+01   0.22156035165100D+01
 
  440.0000000   0.17786195749606D+01   0.18377116208680D+01   0.19130372320999D+01   0.20079755982349D+01   0.21277125156734D+01   0.22798728658205D+01   0.24758303822536D+01   0.27361565229017D+01
 
  440.0000000   0.22804617956465D+01   0.23401687842649D+01   0.24161884705583D+01   0.25118420003217D+01   0.26322609931862D+01   0.27849936792341D+01   0.29812909424426D+01   0.32413767218126D+01
 
  440.0000000   0.22740277367898D+01   0.23340981584346D+01   0.24104907925400D+01   0.25064537989537D+01   0.26270398595584D+01   0.27796817216626D+01   0.29754449407870D+01   0.32340756188713D+01
 
  440.0000000   0.22641296179306D+01   0.23243797619660D+01   0.24009208663442D+01   0.24969285848820D+01   0.26173711888553D+01   0.27695558878142D+01   0.29643463911269D+01   0.32209883267242D+01
 
  440.0000000   0.22513908735580D+01   0.23116757028894D+01   0.23881881615708D+01   0.24840331212779D+01   0.26040905486636D+01   0.27555342712357D+01   0.29490128785103D+01   0.32032547119503D+01
 
  440.0000000   0.22361383490313D+01   0.22963344149480D+01   0.23726675964243D+01   0.24681753117262D+01   0.25876465433096D+01   0.27381152792203D+01   0.29300035049814D+01   0.31815096294045D+01
 
  440.0000000   0.22184684250155D+01   0.22784610217348D+01   0.23544750056845D+01   0.24494863218587D+01   0.25681913620200D+01   0.27174784338754D+01   0.29075316401368D+01   0.31560099836724D+01
 
  440.0000000   0.21982569647919D+01   0.22579286007320D+01   0.23334801979035D+01   0.24278368953949D+01   0.25456018117841D+01   0.26935109362757D+01   0.28814962829408D+01   0.31266703837853D+01
 
  440.0000000   0.21750981555231D+01   0.22343158737868D+01   0.23092468788599D+01   0.24027788237275D+01   0.25194208146588D+01   0.26657474322888D+01   0.28514182373618D+01   0.30929960117639D+01
 
  440.0000000   0.21481241122015D+01   0.22067220044500D+01   0.22808515959081D+01   0.23733630390426D+01   0.24886675080545D+01   0.26331663760945D+01   0.28162217503021D+01   0.30538636192179D+01
 
  440.0000000   0.21076853540583D+01   0.21654097388305D+01   0.22384264864308D+01   0.23295331823956D+01   0.24430243583558D+01   0.25850971343256D+01   0.27647615404919D+01   0.29973536761737D+01
 
  440.0000000   0.20681881688249D+01   0.21248351840192D+01   0.21964058573654D+01   0.22856785221378D+01   0.23967847091472D+01   0.25356150411488D+01   0.27106395186367D+01   0.29359906592660D+01
 
  440.0000000   0.20451896695112D+01   0.21009062875661D+01   0.21711277885521D+01   0.22586519845458D+01   0.23674005453852D+01   0.25028546363508D+01   0.26727626076201D+01   0.28896614222808D+01
 
  440.0000000   0.20180145807834D+01   0.20731201832672D+01   0.21423942738462D+01   0.22286149960894D+01   0.23355100653608D+01   0.24682097526016D+01   0.26338695382489D+01   0.28436653511931D+01
 
  440.0000000   0.19861371143712D+01   0.20406230809717D+01   0.21089880449165D+01   0.21939539329680D+01   0.22991012548962D+01   0.24293218928385D+01   0.25913919335645D+01   0.27955763203991D+01
 
  440.0000000   0.19551014765702D+01   0.20086912127182D+01   0.20758387790108D+01   0.21592168460565D+01   0.22622656208302D+01   0.23896452395477D+01   0.25477591765006D+01   0.27460819165137D+01
 
  440.0000000   0.19189235894958D+01   0.19713512494512D+01   0.20369602332102D+01   0.21183960772105D+01   0.22189396601399D+01   0.23429689114093D+01   0.24964194199180D+01   0.26878674581917D+01
 
  440.0000000   0.18785965486193D+01   0.19295978020512D+01   0.19933265457089D+01   0.20724209387033D+01   0.21699712318823D+01   0.22900037835724D+01   0.24378632851100D+01   0.26210360274493D+01
 
  440.0000000   0.18342822958332D+01   0.18835318545454D+01   0.19449527876200D+01   0.20211671566019D+01   0.21150210360300D+01   0.22300935099155D+01   0.23709810205194D+01   0.25437835962814D+01
 
  440.0000000   0.17851712640593D+01   0.18321806190611D+01   0.18906420758140D+01   0.19631133125284D+01   0.20521127974732D+01   0.21606451097747D+01   0.22923661152948D+01   0.24515543487691D+01
 
  440.0000000   0.17288989010523D+01   0.17728280997528D+01   0.18271874619933D+01   0.18943859581901D+01   0.19764902054827D+01   0.20757584868093D+01   0.21946685457834D+01   0.23350776183728D+01
 
  440.0000000   0.16597063947797D+01   0.16989946023867D+01   0.17471223766169D+01   0.18061643586707D+01   0.18775711711580D+01   0.19626921726826D+01   0.20626787183035D+01   0.21763075257623D+01
 
  440.0000000   0.15637000935193D+01   0.15953172461049D+01   0.16332121598469D+01   0.16786868056990D+01   0.17323578943427D+01   0.17945746482583D+01   0.18652719002578D+01   0.19399284273469D+01
 
  440.0000000   0.14390730478050D+01   0.14598830109206D+01   0.14835994748941D+01   0.15104271575677D+01   0.15399956215675D+01   0.15716081426630D+01   0.16041305027515D+01   0.16308081556492D+01
 
  440.0000000   0.12862125792395D+01   0.12992784000925D+01   0.13129472267967D+01   0.13267312978670D+01   0.13395938919313D+01   0.13501097599850D+01   0.13563854373164D+01   0.13513432786179D+01
 
  440.0000000   0.11817183612617D+01   0.11923194872861D+01   0.12028515508689D+01   0.12126321700950D+01   0.12204227584317D+01   0.12245603484333D+01   0.12228751095855D+01   0.12087848721955D+01
 
  440.0000000   0.11394942302076D+01   0.11486109742710D+01   0.11573324161159D+01   0.11648786764516D+01   0.11699464901297D+01   0.11708118026180D+01   0.11652487062764D+01   0.11470759510443D+01
 
  440.0000000   0.10898317462395D+01   0.10972580814073D+01   0.11039458163719D+01   0.11090546265999D+01   0.11112497321038D+01   0.11087864154329D+01   0.10994353078782D+01   0.10774830002487D+01
 
  440.0000000   0.10328014984280D+01   0.10383127000667D+01   0.10427234058238D+01   0.10451543552784D+01   0.10442674939401D+01   0.10383361987270D+01   0.10251817012370D+01   0.99963803836858D+00
 
  440.0000000   0.96566175984108D+00   0.96891499763677D+00   0.97066988848866D+00   0.97003661004285D+00   0.96570732602801D+00   0.95601766616803D+00   0.93889921636004D+00   0.90984660161480D+00
 
  440.0000000   0.92901387578054D+00   0.93102998355133D+00   0.93133664275793D+00   0.92904770682710D+00   0.92288013142632D+00   0.91121302522611D+00   0.89204946700349D+00   0.86124867836468D+00
