 #  SCIATRAN 2.2 (DOM, spherical mode)
 #  Height resolved air mass factors for no2
 #  Spectral range:  440.000 -  440.000
 #  The number of spectral points:    1
 #  The number of altitude levels:  51
    10.000     9.800     9.600     9.400     9.200     9.000     8.800     8.600     8.400     8.200     8.000     7.800     7.600     7.400     7.200     7.000     6.800     6.600     6.400     6.200     6.000     5.800     5.600     5.400     5.200     5.000     4.800     4.600     4.400     4.200     4.000     3.800     3.600     3.400     3.200     3.000     2.800     2.600     2.400     2.200     2.000     1.800     1.600     1.400     1.200     1.000     0.800     0.600     0.400     0.200     0.000
 
  440.0000000   0.10559214474747D+01   0.11038998373032D+01   0.11657166021592D+01   0.12451832720527D+01   0.13473344594465D+01   0.14791921057300D+01   0.16507144771472D+01   0.18820859091921D+01
 
  440.0000000   0.10609916232607D+01   0.11092153637061D+01   0.11713270437292D+01   0.12511380229808D+01   0.13536848986196D+01   0.14859921843643D+01   0.16580205571129D+01   0.18899637376959D+01
 
  440.0000000   0.10708466493662D+01   0.11195427803454D+01   0.11822218570037D+01   0.12626941367113D+01   0.13659993840154D+01   0.14991662042223D+01   0.16721586192155D+01   0.19051848388699D+01
 
  440.0000000   0.10802171729083D+01   0.11293540838160D+01   0.11925617940567D+01   0.12736480505734D+01   0.13776543379090D+01   0.15116114632250D+01   0.16854841476885D+01   0.19194873309077D+01
 
  440.0000000   0.10892575810476D+01   0.11388126241997D+01   0.12025211235885D+01   0.12841871068178D+01   0.13888526089358D+01   0.15235491354053D+01   0.16982400105054D+01   0.19331405678857D+01
 
  440.0000000   0.10980895710274D+01   0.11480471220808D+01   0.12122370827484D+01   0.12944587604400D+01   0.13997537944097D+01   0.15351531784430D+01   0.17106171521700D+01   0.19463561837058D+01
 
  440.0000000   0.11068088654451D+01   0.11571588031249D+01   0.12218175428878D+01   0.13045788749651D+01   0.14104832788295D+01   0.15465602556377D+01   0.17227655861054D+01   0.19593004408253D+01
 
  440.0000000   0.11154920541495D+01   0.11662286503281D+01   0.12313488397852D+01   0.13146401712728D+01   0.14211413307483D+01   0.15578795370362D+01   0.17348050190355D+01   0.19721058696435D+01
 
  440.0000000   0.11242025944358D+01   0.11753237223627D+01   0.12409024413537D+01   0.13247193399147D+01   0.14318107700528D+01   0.15692010329131D+01   0.17468339496436D+01   0.19848812523673D+01
 
  440.0000000   0.11329950329903D+01   0.11845016199544D+01   0.12505396669822D+01   0.13348821105122D+01   0.14425625083840D+01   0.15806017340458D+01   0.17589365344048D+01   0.19977193852927D+01
 
  440.0000000   0.11419178125499D+01   0.11938134717501D+01   0.12603149092104D+01   0.13451867400104D+01   0.14534593355620D+01   0.15921497386891D+01   0.17711871186413D+01   0.20107021106067D+01
 
  440.0000000   0.11510172312040D+01   0.12033081416043D+01   0.12702801516603D+01   0.13556889032521D+01   0.14645612555601D+01   0.16039101256507D+01   0.17836567690548D+01   0.20239076922337D+01
 
  440.0000000   0.11603432541247D+01   0.12130383472286D+01   0.12804914573223D+01   0.13664486137570D+01   0.14759329068578D+01   0.16159529478598D+01   0.17964219231304D+01   0.20374202214695D+01
 
  440.0000000   0.11699567990958D+01   0.12230683306586D+01   0.12910171029969D+01   0.13775389002723D+01   0.14876528647852D+01   0.16283632536413D+01   0.18095752362402D+01   0.20513414189698D+01
 
  440.0000000   0.11799385832177D+01   0.12334832139192D+01   0.13019475565478D+01   0.13890565236822D+01   0.14998252335058D+01   0.16412537176416D+01   0.18232394603871D+01   0.20658060497500D+01
 
  440.0000000   0.11904021742060D+01   0.12444027779971D+01   0.13134101385497D+01   0.14011376772676D+01   0.15125965583481D+01   0.16547829690357D+01   0.18375874401163D+01   0.20810039143883D+01
 
  440.0000000   0.12015165920706D+01   0.12560053180833D+01   0.13255943998716D+01   0.14139851574449D+01   0.15261850925554D+01   0.16691873127453D+01   0.18528767350993D+01   0.20972179582972D+01
 
  440.0000000   0.12135446325800D+01   0.12685680648148D+01   0.13387950859772D+01   0.14279143134265D+01   0.15409302224404D+01   0.16848342055158D+01   0.18695078588936D+01   0.21148881851661D+01
 
  440.0000000   0.12269078725262D+01   0.12825357439859D+01   0.13534850057118D+01   0.14434309718965D+01   0.15573762755355D+01   0.17023129208013D+01   0.18881230078290D+01   0.21347199922460D+01
 
  440.0000000   0.12422980350216D+01   0.12986380394880D+01   0.13704398892807D+01   0.14613649726224D+01   0.15764161578844D+01   0.17225899682940D+01   0.19097753573939D+01   0.21578700236068D+01
 
  440.0000000   0.17552796116985D+01   0.18123829372808D+01   0.18850872912360D+01   0.19770265083477D+01   0.20931898169319D+01   0.22405585788463D+01   0.24289976553169D+01   0.26783015951461D+01
 
  440.0000000   0.22593034691012D+01   0.23170526369819D+01   0.23904929365861D+01   0.24832042796910D+01   0.26001298774566D+01   0.27481881052366D+01   0.29371442782480D+01   0.31864962042258D+01
 
  440.0000000   0.22563398660802D+01   0.23145465147058D+01   0.23884818075466D+01   0.24816589444111D+01   0.25989556280886D+01   0.27471973655903D+01   0.29360026730646D+01   0.31844596408961D+01
 
  440.0000000   0.22504017360937D+01   0.23089160947816D+01   0.23831639485981D+01   0.24765927492771D+01   0.25940107834385D+01   0.27421433621761D+01   0.29304503280757D+01   0.31775894830226D+01
 
  440.0000000   0.22420580594993D+01   0.23007639794987D+01   0.23751831205565D+01   0.24686988688247D+01   0.25860473905049D+01   0.27338482242723D+01   0.29213932312291D+01   0.31668946882596D+01
 
  440.0000000   0.22316168009053D+01   0.22904175399331D+01   0.23648906285797D+01   0.24583580845011D+01   0.25754822145383D+01   0.27227723953709D+01   0.29093447723378D+01   0.31529548722715D+01
 
  440.0000000   0.22191843028348D+01   0.22779920104837D+01   0.23524128396560D+01   0.24457119989839D+01   0.25624771727581D+01   0.27091039981681D+01   0.28945259095225D+01   0.31360339479835D+01
 
  440.0000000   0.22046758387958D+01   0.22634024136463D+01   0.23376648910047D+01   0.24306795933991D+01   0.25469599771722D+01   0.26927847529224D+01   0.28768972442015D+01   0.31161198187493D+01
 
  440.0000000   0.21877693398073D+01   0.22463161196522D+01   0.23203024298930D+01   0.24129106676623D+01   0.25285814121905D+01   0.26734711866165D+01   0.28561199992212D+01   0.30928810007900D+01
 
  440.0000000   0.21677667102902D+01   0.22260126956508D+01   0.22995913258261D+01   0.23916619082586D+01   0.25065913781029D+01   0.26504041557296D+01   0.28314141859687D+01   0.30655193088972D+01
 
  440.0000000   0.21369557561131D+01   0.21948075761090D+01   0.22678689971769D+01   0.23592720410288D+01   0.24733038694074D+01   0.26158433807806D+01   0.27949505873104D+01   0.30259383852066D+01
 
  440.0000000   0.21090823623831D+01   0.21664801809991D+01   0.22388830215593D+01   0.23294164628230D+01   0.24422464574194D+01   0.25830172417170D+01   0.27593710906529D+01   0.29855579032108D+01
 
  440.0000000   0.20975111874967D+01   0.21545783295347D+01   0.22263846395427D+01   0.23160776451292D+01   0.24276438939697D+01   0.25663750915017D+01   0.27392943007697D+01   0.29591738073167D+01
 
  440.0000000   0.20805990085466D+01   0.21375799166574D+01   0.22090866984320D+01   0.22982377235617D+01   0.24088507327480D+01   0.25459222322673D+01   0.27159881401137D+01   0.29305655477446D+01
 
  440.0000000   0.20578981236592D+01   0.21147094094696D+01   0.21858749840891D+01   0.22744055467034D+01   0.23839985487517D+01   0.25194914793678D+01   0.26871958558300D+01   0.28978686644602D+01
 
  440.0000000   0.20367692593353D+01   0.20931577384459D+01   0.21637155790331D+01   0.22513417034461D+01   0.23596312439143D+01   0.24932950194737D+01   0.26584723088805D+01   0.28653607898487D+01
 
  440.0000000   0.20112434346199D+01   0.20670524228136D+01   0.21368268056943D+01   0.22233970280428D+01   0.23302593647685D+01   0.24619788742251D+01   0.26244740713699D+01   0.28273908864159D+01
 
  440.0000000   0.19814562065386D+01   0.20365351908239D+01   0.21053520605572D+01   0.21907070454042D+01   0.22959991549134D+01   0.24256287037015D+01   0.25852477494684D+01   0.27839362842354D+01
 
  440.0000000   0.19469772168416D+01   0.20011550709105D+01   0.20688117234526D+01   0.21527473944650D+01   0.22562573699554D+01   0.23835471301526D+01   0.25399403136829D+01   0.27338795576325D+01
 
  440.0000000   0.19072364340303D+01   0.19602815460817D+01   0.20264794127271D+01   0.21086686858934D+01   0.22100146990354D+01   0.23344583233415D+01   0.24868658337355D+01   0.26748135708928D+01
 
  440.0000000   0.18618818640135D+01   0.19133919849480D+01   0.19775648323522D+01   0.20573417852977D+01   0.21556754012247D+01   0.22760574685244D+01   0.24225744776317D+01   0.26013089661320D+01
 
  440.0000000   0.18079835721763D+01   0.18568342107875D+01   0.19173943693648D+01   0.19926741622257D+01   0.20851756964451D+01   0.21975360561751D+01   0.23324255646964D+01   0.24929388973576D+01
 
  440.0000000   0.17154764297974D+01   0.17568049445660D+01   0.18072132232825D+01   0.18690509630978D+01   0.19437910708168D+01   0.20326325726782D+01   0.21362492188763D+01   0.22524575168599D+01
 
  440.0000000   0.15304556910050D+01   0.15551679064559D+01   0.15838104128924D+01   0.16170542120467D+01   0.16547968080443D+01   0.16965234849474D+01   0.17411215877330D+01   0.17819568691513D+01
 
  440.0000000   0.12677111613489D+01   0.12785548240843D+01   0.12893695379545D+01   0.12996089117933D+01   0.13081098291635D+01   0.13132893403813D+01   0.13130805468855D+01   0.13004519240644D+01
 
  440.0000000   0.11070731433977D+01   0.11141967552641D+01   0.11203581317846D+01   0.11247828565292D+01   0.11260858964744D+01   0.11224362726795D+01   0.11114976782124D+01   0.10872711046092D+01
 
  440.0000000   0.10632047370539D+01   0.10688533455467D+01   0.10732535586665D+01   0.10755842323119D+01   0.10744388553568D+01   0.10679753120963D+01   0.10538624821115D+01   0.10266107643451D+01
 
  440.0000000   0.10128131679032D+01   0.10168554265170D+01   0.10193644712953D+01   0.10194931589207D+01   0.10158478130670D+01   0.10066257698388D+01   0.98957491874536D+00   0.95976339244450D+00
 
  440.0000000   0.95572215961002D+00   0.95799714882832D+00   0.95845178802040D+00   0.95622247070659D+00   0.94995834003380D+00   0.93794387521572D+00   0.91807775874539D+00   0.88604993106510D+00
 
  440.0000000   0.88917285426109D+00   0.88941492373802D+00   0.88753462842642D+00   0.88267131873621D+00   0.87355208145403D+00   0.85859941703555D+00   0.83593529010644D+00   0.80196597247705D+00
 
  440.0000000   0.85299360442332D+00   0.85213361825858D+00   0.84899427747266D+00   0.84272343860271D+00   0.83209732763380D+00   0.81562142933375D+00   0.79154862517724D+00   0.75667219452265D+00
