 #  SCIATRAN 2.2 (DOM, spherical mode)
 #  Height resolved air mass factors for no2
 #  Spectral range:  440.000 -  440.000
 #  The number of spectral points:    1
 #  The number of altitude levels:  51
    10.000     9.800     9.600     9.400     9.200     9.000     8.800     8.600     8.400     8.200     8.000     7.800     7.600     7.400     7.200     7.000     6.800     6.600     6.400     6.200     6.000     5.800     5.600     5.400     5.200     5.000     4.800     4.600     4.400     4.200     4.000     3.800     3.600     3.400     3.200     3.000     2.800     2.600     2.400     2.200     2.000     1.800     1.600     1.400     1.200     1.000     0.800     0.600     0.400     0.200     0.000
 
  440.0000000   0.10663269134221D+01   0.11146922506997D+01   0.11770250473010D+01   0.12568042902805D+01   0.13591059750838D+01   0.14913193151614D+01   0.16643731891157D+01   0.18984149007835D+01
 
  440.0000000   0.10712028502690D+01   0.11198107917947D+01   0.11824385810624D+01   0.12625669492424D+01   0.13652767816340D+01   0.14979640403191D+01   0.16715659986042D+01   0.19062425551412D+01
 
  440.0000000   0.10806724420754D+01   0.11297468565424D+01   0.11929414494038D+01   0.12737395516964D+01   0.13772307842521D+01   0.15108231711065D+01   0.16854686977127D+01   0.19213475887374D+01
 
  440.0000000   0.10896610063921D+01   0.11391694448150D+01   0.12028906608870D+01   0.12843089622616D+01   0.13885208362247D+01   0.15229438096055D+01   0.16985408780613D+01   0.19355037982397D+01
 
  440.0000000   0.10983181120777D+01   0.11482370999468D+01   0.12124558076330D+01   0.12944581643942D+01   0.13993460446858D+01   0.15345444748061D+01   0.17110245682035D+01   0.19489824730652D+01
 
  440.0000000   0.11067613440469D+01   0.11570744328621D+01   0.12217701499807D+01   0.13043308896005D+01   0.14098627350438D+01   0.15457966420885D+01   0.17231095839809D+01   0.19619962271909D+01
 
  440.0000000   0.11150828820847D+01   0.11657791019343D+01   0.12309380413372D+01   0.13140396361986D+01   0.14201932490675D+01   0.15568345287089D+01   0.17349445251481D+01   0.19747115183061D+01
 
  440.0000000   0.11233561469860D+01   0.11744288546457D+01   0.12400424873900D+01   0.13236738235573D+01   0.14304347766859D+01   0.15677647099094D+01   0.17466473271911D+01   0.19872603523430D+01
 
  440.0000000   0.11316414644682D+01   0.11830875487509D+01   0.12491517087346D+01   0.13333069147195D+01   0.14406670406913D+01   0.15786744011106D+01   0.17583142589347D+01   0.19997501900694D+01
 
  440.0000000   0.11399901112031D+01   0.11918094339018D+01   0.12583236473726D+01   0.13430012613490D+01   0.14509576261849D+01   0.15896374266864D+01   0.17700266760016D+01   0.20122716754585D+01
 
  440.0000000   0.11484470005712D+01   0.12006419909514D+01   0.12676089403810D+01   0.13528112875414D+01   0.14613654716550D+01   0.16007181161305D+01   0.17818554024031D+01   0.20249035954392D+01
 
  440.0000000   0.11570543286163D+01   0.12096298253187D+01   0.12770551553877D+01   0.13627881135485D+01   0.14719459333793D+01   0.16119768915700D+01   0.17938669819793D+01   0.20377200147387D+01
 
  440.0000000   0.11658568843285D+01   0.12188202662570D+01   0.12867127433224D+01   0.13729859271064D+01   0.14827576470635D+01   0.16234777017150D+01   0.18061317810373D+01   0.20507991651279D+01
 
  440.0000000   0.11749085882778D+01   0.12282702605026D+01   0.12966423647790D+01   0.13834698227584D+01   0.14938709692343D+01   0.16352971680042D+01   0.18187339611993D+01   0.20642343925387D+01
 
  440.0000000   0.11842802571873D+01   0.12380545998834D+01   0.13069236893052D+01   0.13943252903342D+01   0.15053782944100D+01   0.16475359054449D+01   0.18317840350468D+01   0.20781482659684D+01
 
  440.0000000   0.11940709273594D+01   0.12482778974390D+01   0.13176681718557D+01   0.14056719456720D+01   0.15174089176589D+01   0.16603347335119D+01   0.18454367028277D+01   0.20927124007461D+01
 
  440.0000000   0.12044275153021D+01   0.12590953742876D+01   0.13290412223884D+01   0.14176873508478D+01   0.15301548159582D+01   0.16739027995442D+01   0.18599218096150D+01   0.21081818934031D+01
 
  440.0000000   0.12155781322186D+01   0.12707480547672D+01   0.13412997057585D+01   0.14306472559565D+01   0.15439141343908D+01   0.16885649214877D+01   0.18755963293472D+01   0.21249529531779D+01
 
  440.0000000   0.12278885371701D+01   0.12836224030873D+01   0.13548554799696D+01   0.14449937767281D+01   0.15591648513763D+01   0.17048417756282D+01   0.18930324050331D+01   0.21436604961544D+01
 
  440.0000000   0.12419587853012D+01   0.12983524310153D+01   0.13703841975875D+01   0.14614521567906D+01   0.15766909613832D+01   0.17235872860723D+01   0.19131682502092D+01   0.21653455140315D+01
 
  440.0000000   0.17540903486018D+01   0.18111771598218D+01   0.18840375410584D+01   0.19760497922356D+01   0.20923429139287D+01   0.22403985774921D+01   0.24312332384230D+01   0.26846655945215D+01
 
  440.0000000   0.22587546633154D+01   0.23164049332213D+01   0.23899131137910D+01   0.24826131974480D+01   0.25995965636481D+01   0.27482916753748D+01   0.29396271552207D+01   0.31931461477293D+01
 
  440.0000000   0.22575192378686D+01   0.23155511210101D+01   0.23894729166209D+01   0.24825612258548D+01   0.25998493819757D+01   0.27486810462048D+01   0.29398466321084D+01   0.31925051382963D+01
 
  440.0000000   0.22537192696463D+01   0.23119969148179D+01   0.23861650678859D+01   0.24794425388784D+01   0.25967993851755D+01   0.27454853557793D+01   0.29361381064489D+01   0.31875106510690D+01
 
  440.0000000   0.22478467231936D+01   0.23062641466186D+01   0.23805481272113D+01   0.24738605343153D+01   0.25911044201140D+01   0.27394285901469D+01   0.29293064093346D+01   0.31790685663220D+01
 
  440.0000000   0.22401667657169D+01   0.22986351630933D+01   0.23729258801546D+01   0.24661456873331D+01   0.25831279762756D+01   0.27309149809414D+01   0.29198061900418D+01   0.31676977660193D+01
 
  440.0000000   0.22307688697084D+01   0.22892071529908D+01   0.23634053808000D+01   0.24564186023768D+01   0.25730088582624D+01   0.27201071281501D+01   0.29078304797632D+01   0.31536318982592D+01
 
  440.0000000   0.22195754066722D+01   0.22779018367066D+01   0.23519078966719D+01   0.24446033249614D+01   0.25606781900605D+01   0.27069479321797D+01   0.28933383383007D+01   0.31368540210363D+01
 
  440.0000000   0.22063000525436D+01   0.22644227518902D+01   0.23381255273705D+01   0.24303853231291D+01   0.25458204460438D+01   0.26911246467178D+01   0.28760182415576D+01   0.31170556523472D+01
 
  440.0000000   0.21903248777161D+01   0.22481306675379D+01   0.23214046599173D+01   0.24130998599992D+01   0.25277610645597D+01   0.26719498818766D+01   0.28551580331369D+01   0.30935012638003D+01
 
  440.0000000   0.21656715665247D+01   0.22230617585599D+01   0.22957875564510D+01   0.23867734893741D+01   0.25004844673569D+01   0.26433372854334D+01   0.28245697613833D+01   0.30597447895542D+01
 
  440.0000000   0.21440078280965D+01   0.22009282127088D+01   0.22729725536281D+01   0.23630605416025D+01   0.24755389341022D+01   0.26165933332303D+01   0.27950427113590D+01   0.30254239027018D+01
 
  440.0000000   0.21363387440132D+01   0.21929184797401D+01   0.22643579553397D+01   0.23536048188182D+01   0.24648354412044D+01   0.26038911728346D+01   0.27789687597852D+01   0.30031511902347D+01
 
  440.0000000   0.21244708389746D+01   0.21809274349872D+01   0.22520332859153D+01   0.23407152204683D+01   0.24509897243169D+01   0.25884101859444D+01   0.27606840909435D+01   0.29796727951839D+01
 
  440.0000000   0.21071370267169D+01   0.21633920887072D+01   0.22341263551714D+01   0.23221687743702D+01   0.24314184600391D+01   0.25672678510918D+01   0.27371900100989D+01   0.29523163786557D+01
 
  440.0000000   0.20903935525734D+01   0.21462213342901D+01   0.22163448294781D+01   0.23034883693995D+01   0.24114479293702D+01   0.25454825785873D+01   0.27128773679819D+01   0.29242189870181D+01
 
  440.0000000   0.20698213335315D+01   0.21250742748690D+01   0.21944187234402D+01   0.22805112380572D+01   0.23870466283034D+01   0.25191320015873D+01   0.26838177000707D+01   0.28911505104056D+01
 
  440.0000000   0.20455825581560D+01   0.21001191053560D+01   0.21685179833442D+01   0.22534011186793D+01   0.23583624410150D+01   0.24883382544441D+01   0.26500993887943D+01   0.28531365562762D+01
 
  440.0000000   0.20174062806188D+01   0.20710669851189D+01   0.21383280724446D+01   0.22218038013746D+01   0.23249798757896D+01   0.24525915391646D+01   0.26110675828781D+01   0.28092700017820D+01
 
  440.0000000   0.19850671888671D+01   0.20376416200933D+01   0.21034885304178D+01   0.21852514931749D+01   0.22862821451919D+01   0.24110453419677D+01   0.25654967886178D+01   0.27576401995433D+01
 
  440.0000000   0.19489888456003D+01   0.20001250617068D+01   0.20640502149777D+01   0.21435023847228D+01   0.22416197534169D+01   0.23624145752079D+01   0.25110411977028D+01   0.26940130738936D+01
 
  440.0000000   0.19086126669284D+01   0.19573363333553D+01   0.20179289687911D+01   0.20932060866154D+01   0.21858603926485D+01   0.22990395895998D+01   0.24364257568213D+01   0.26015126722293D+01
 
  440.0000000   0.18432520098305D+01   0.18852426368463D+01   0.19365774379097D+01   0.19994658503752D+01   0.20755601871660D+01   0.21665002417845D+01   0.22737897227484D+01   0.23953868504620D+01
 
  440.0000000   0.16995697284476D+01   0.17262725964481D+01   0.17572848211951D+01   0.17932087304307D+01   0.18340304537205D+01   0.18794515445268D+01   0.19287585139879D+01   0.19747991172639D+01
 
  440.0000000   0.14903061041797D+01   0.15038956031813D+01   0.15178059650664D+01   0.15314040052184D+01   0.15434816336215D+01   0.15524297630826D+01   0.15561767599071D+01   0.15464804904700D+01
 
  440.0000000   0.13643253794516D+01   0.13742483911853D+01   0.13834854124459D+01   0.13911169280457D+01   0.13956433946381D+01   0.13951136511476D+01   0.13870540827644D+01   0.13639635131174D+01
 
  440.0000000   0.13281456762181D+01   0.13366297338079D+01   0.13441244067038D+01   0.13496381349672D+01   0.13516230568144D+01   0.13480818370036D+01   0.13364987273241D+01   0.13098185786656D+01
 
  440.0000000   0.12862082610219D+01   0.12931207320993D+01   0.12987358938502D+01   0.13020101669656D+01   0.13013756025294D+01   0.12948295490666D+01   0.12798742487887D+01   0.12499507804140D+01
 
  440.0000000   0.12384075128830D+01   0.12435885946996D+01   0.12471547147119D+01   0.12480197225882D+01   0.12446203885712D+01   0.12349886192219D+01   0.12167063936529D+01   0.11837736001040D+01
 
  440.0000000   0.11823835121526D+01   0.11855745219261D+01   0.11868112294188D+01   0.11849817820374D+01   0.11785541922200D+01   0.11656325451355D+01   0.11439322927973D+01   0.11080992060817D+01
 
  440.0000000   0.11518516687960D+01   0.11539646166578D+01   0.11539454951272D+01   0.11506769685831D+01   0.11426499239650D+01   0.11280132443152D+01   0.11045601219527D+01   0.10672850249072D+01
