 #  SCIATRAN 2.2 (DOM, spherical mode)
 #  Height resolved air mass factors for no2
 #  Spectral range:  440.000 -  440.000
 #  The number of spectral points:    1
 #  The number of altitude levels:  51
    10.000     9.800     9.600     9.400     9.200     9.000     8.800     8.600     8.400     8.200     8.000     7.800     7.600     7.400     7.200     7.000     6.800     6.600     6.400     6.200     6.000     5.800     5.600     5.400     5.200     5.000     4.800     4.600     4.400     4.200     4.000     3.800     3.600     3.400     3.200     3.000     2.800     2.600     2.400     2.200     2.000     1.800     1.600     1.400     1.200     1.000     0.800     0.600     0.400     0.200     0.000
 
  440.0000000   0.10944810561600D+01   0.11451304983740D+01   0.12104415062802D+01   0.12940260104912D+01   0.14012053094912D+01   0.15397700329591D+01   0.17213501052709D+01   0.19675101186804D+01
 
  440.0000000   0.10998115049688D+01   0.11507205100075D+01   0.12163440477200D+01   0.13002933690557D+01   0.14078921554815D+01   0.15469347465590D+01   0.17290558555182D+01   0.19758284509999D+01
 
  440.0000000   0.11101641546130D+01   0.11615723520152D+01   0.12277964971944D+01   0.13124457318923D+01   0.14208476223981D+01   0.15608027061575D+01   0.17439534715759D+01   0.19918851764781D+01
 
  440.0000000   0.11199917742539D+01   0.11718646734284D+01   0.12386470808665D+01   0.13239446466945D+01   0.14330872349416D+01   0.15738793910062D+01   0.17579681522926D+01   0.20069429730485D+01
 
  440.0000000   0.11294581651939D+01   0.11817708859356D+01   0.12490809351665D+01   0.13349892934539D+01   0.14448268469118D+01   0.15864004121668D+01   0.17713590275974D+01   0.20212897288693D+01
 
  440.0000000   0.11386921768794D+01   0.11914273703820D+01   0.12592436280389D+01   0.13457362333404D+01   0.14562360592901D+01   0.15985508106084D+01   0.17843295105953D+01   0.20351512921756D+01
 
  440.0000000   0.11477948815142D+01   0.12009410977868D+01   0.12692493285604D+01   0.13563082450258D+01   0.14674478610454D+01   0.16104756679595D+01   0.17970390852268D+01   0.20487047407259D+01
 
  440.0000000   0.11568468824045D+01   0.12103973508450D+01   0.12791890296628D+01   0.13668031442807D+01   0.14785681512762D+01   0.16222904502767D+01   0.18096146091649D+01   0.20620908282153D+01
 
  440.0000000   0.11659146151534D+01   0.12198663756361D+01   0.12891376244192D+01   0.13773013639311D+01   0.14896839094014D+01   0.16340898652632D+01   0.18221599687312D+01   0.20754245813556D+01
 
  440.0000000   0.11750547676540D+01   0.12294080785487D+01   0.12991589444174D+01   0.13878714074556D+01   0.15008691511053D+01   0.16459544273719D+01   0.18347633904793D+01   0.20888035602242D+01
 
  440.0000000   0.11843172287624D+01   0.12390751599262D+01   0.13093091189474D+01   0.13985734786197D+01   0.15121888793000D+01   0.16579547895207D+01   0.18475022256520D+01   0.21023131961691D+01
 
  440.0000000   0.11937492518744D+01   0.12489175230327D+01   0.13196412346872D+01   0.14094644937650D+01   0.15237045775891D+01   0.16701578564728D+01   0.18604498221285D+01   0.21160346072813D+01
 
  440.0000000   0.12034014273227D+01   0.12589885611621D+01   0.13302119868107D+01   0.14206051738502D+01   0.15354818295930D+01   0.16826350231818D+01   0.18736844761527D+01   0.21300543714400D+01
 
  440.0000000   0.12133349694768D+01   0.12693528875919D+01   0.13410900963039D+01   0.14320691421581D+01   0.15476000596316D+01   0.16954725628059D+01   0.18873005827798D+01   0.21444766296842D+01
 
  440.0000000   0.12236306114935D+01   0.12800957646023D+01   0.13523664237968D+01   0.14439538324219D+01   0.15601643579520D+01   0.17087845311725D+01   0.19014228533588D+01   0.21594389484133D+01
 
  440.0000000   0.12344017694730D+01   0.12913369695330D+01   0.13641685437418D+01   0.14563960271630D+01   0.15733222979596D+01   0.17227311858738D+01   0.19162266286936D+01   0.21751348558101D+01
 
  440.0000000   0.12458171736246D+01   0.13032547067139D+01   0.13766862046026D+01   0.14695991666013D+01   0.15872934378121D+01   0.17375510888832D+01   0.19319730897628D+01   0.21918528207724D+01
 
  440.0000000   0.12581391168686D+01   0.13161260165168D+01   0.13902144173325D+01   0.14838795656690D+01   0.16024191638340D+01   0.17536151869882D+01   0.19490683805162D+01   0.22100414705378D+01
 
  440.0000000   0.12717882763530D+01   0.13303952296259D+01   0.14052263364000D+01   0.14997445333047D+01   0.16192469614874D+01   0.17715183205906D+01   0.19681637165393D+01   0.22304200482999D+01
 
  440.0000000   0.12876280612255D+01   0.13469769888263D+01   0.14226996121415D+01   0.15182472195362D+01   0.16389204066754D+01   0.17925134438941D+01   0.19906467355782D+01   0.22545442899955D+01
 
  440.0000000   0.18005005813099D+01   0.18606474214343D+01   0.19373184638844D+01   0.20339424536212D+01   0.21558103106727D+01   0.23107049648422D+01   0.25102258523081D+01   0.27754925666944D+01
 
  440.0000000   0.23028242485791D+01   0.23636220433797D+01   0.24410399642086D+01   0.25384610146278D+01   0.26611317938209D+01   0.28167682564946D+01   0.30168555768307D+01   0.32821999217033D+01
 
  440.0000000   0.22970148087866D+01   0.23582373197666D+01   0.24361141567551D+01   0.25339732701708D+01   0.26569951231219D+01   0.28127919702439D+01   0.30126735062635D+01   0.32770055017765D+01
 
  440.0000000   0.22877585984084D+01   0.23492266294377D+01   0.24273400477523D+01   0.25253786089747D+01   0.26484512271297D+01   0.28040535481918D+01   0.30032967774679D+01   0.32660696003420D+01
 
  440.0000000   0.22757786119241D+01   0.23373555409233D+01   0.24155357118708D+01   0.25135580248165D+01   0.26364555216088D+01   0.27915958284891D+01   0.29898706966540D+01   0.32506592424293D+01
 
  440.0000000   0.22615050660619D+01   0.23230805982311D+01   0.24011930267701D+01   0.24990434671118D+01   0.26215845010366D+01   0.27760452715633D+01   0.29730791820411D+01   0.32315268468984D+01
 
  440.0000000   0.22451716095055D+01   0.23066498772628D+01   0.23845797430882D+01   0.24821237239555D+01   0.26041492799374D+01   0.27577380443077D+01   0.29532893192340D+01   0.32090764171854D+01
 
  440.0000000   0.22268552940898D+01   0.22881454015001D+01   0.23657847392029D+01   0.24628949763513D+01   0.25842535881458D+01   0.27367858047797D+01   0.29306214681234D+01   0.31834343045854D+01
 
  440.0000000   0.22064406113853D+01   0.22674472729490D+01   0.23446867768501D+01   0.24412349002762D+01   0.25617721032992D+01   0.27130546108530D+01   0.29049208439228D+01   0.31544079886234D+01
 
  440.0000000   0.21833891154006D+01   0.22439953034063D+01   0.23207121977402D+01   0.24165528765443D+01   0.25360890588088D+01   0.26858897113865D+01   0.28754707620531D+01   0.31212070998884D+01
 
  440.0000000   0.21535866010592D+01   0.22137111696994D+01   0.22897871057814D+01   0.23848255155318D+01   0.25032713641945D+01   0.26514394276563D+01   0.28383896734443D+01   0.30796300699320D+01
 
  440.0000000   0.21250346959222D+01   0.21844457459639D+01   0.22595061983350D+01   0.23533236524505D+01   0.24701250652451D+01   0.26157465860805D+01   0.27983780839693D+01   0.30319546461971D+01
 
  440.0000000   0.21045581071085D+01   0.21630648147105D+01   0.22368231968087D+01   0.23289861652673D+01   0.24434610203968D+01   0.25854379721586D+01   0.27619667323004D+01   0.29848576036764D+01
 
  440.0000000   0.20814687103175D+01   0.21392498868081D+01   0.22119206366113D+01   0.23026250999305D+01   0.24149985583143D+01   0.25537192239325D+01   0.27249639752401D+01   0.29387356478906D+01
 
  440.0000000   0.20538651905888D+01   0.21108556803106D+01   0.21823360507466D+01   0.22714719311329D+01   0.23816959552756D+01   0.25173096078857D+01   0.26838630400319D+01   0.28899663052621D+01
 
  440.0000000   0.20238505554828D+01   0.20796900253929D+01   0.21495343993553D+01   0.22365441387946D+01   0.23439292089552D+01   0.24755930286336D+01   0.26364350993997D+01   0.28336560046415D+01
 
  440.0000000   0.19898604492600D+01   0.20442413698406D+01   0.21120682214996D+01   0.21964482062657D+01   0.23003273353661D+01   0.24271582513925D+01   0.25811176802079D+01   0.27678298039150D+01
 
  440.0000000   0.19517856595895D+01   0.20043281199662D+01   0.20696296955387D+01   0.21507178734146D+01   0.22502300912467D+01   0.23711063059278D+01   0.25167165921375D+01   0.26909024686709D+01
 
  440.0000000   0.19085405319678D+01   0.19587343197511D+01   0.20208198542432D+01   0.20976984281233D+01   0.21916518263798D+01   0.23050582557913D+01   0.24404338282938D+01   0.25996238583735D+01
 
  440.0000000   0.18582024203266D+01   0.19053424456229D+01   0.19632647027034D+01   0.20346513285434D+01   0.21213792195505D+01   0.22252433495142D+01   0.23479286502790D+01   0.24891022938923D+01
 
  440.0000000   0.17976191340862D+01   0.18407149893397D+01   0.18931753297929D+01   0.19573216341436D+01   0.20345615516580D+01   0.21260865602481D+01   0.22327974427813D+01   0.23520924990964D+01
 
  440.0000000   0.17216129021015D+01   0.17592471310416D+01   0.18044376773073D+01   0.18589443418623D+01   0.19236219395807D+01   0.19990356992801D+01   0.20853692366024D+01   0.21778601213635D+01
 
  440.0000000   0.16219000929856D+01   0.16519833847966D+01   0.16872982185476D+01   0.17287783562001D+01   0.17766226324181D+01   0.18307460646717D+01   0.18907048397378D+01   0.19500576532332D+01
 
  440.0000000   0.15053952718784D+01   0.15263647785750D+01   0.15499212075811D+01   0.15761000513594D+01   0.16043838457050D+01   0.16339758056046D+01   0.16637534634533D+01   0.16864716976664D+01
 
  440.0000000   0.13846451010625D+01   0.13991825491554D+01   0.14145039230458D+01   0.14301138753897D+01   0.14449971706240D+01   0.14578053873348D+01   0.14668128359846D+01   0.14649077010829D+01
 
  440.0000000   0.13000093422841D+01   0.13119712413094D+01   0.13240563899866D+01   0.13355878785217D+01   0.13453683844573D+01   0.13518323115609D+01   0.13529909706082D+01   0.13422139250474D+01
 
  440.0000000   0.12494552354496D+01   0.12596124234793D+01   0.12695037402823D+01   0.12783522251069D+01   0.12848920057046D+01   0.12874897318705D+01   0.12840886936144D+01   0.12684920742294D+01
 
  440.0000000   0.11915854720780D+01   0.11997522778299D+01   0.12072517111477D+01   0.12132458472350D+01   0.12164336606197D+01   0.12151535477961D+01   0.12073309471270D+01   0.11872613779795D+01
 
  440.0000000   0.11261104369613D+01   0.11320653803115D+01   0.11369337841619D+01   0.11398409050108D+01   0.11394796310457D+01   0.11341987937182D+01   0.11219587862305D+01   0.10976226728939D+01
 
  440.0000000   0.10498271276084D+01   0.10532137383017D+01   0.10550582284843D+01   0.10544797264447D+01   0.10501989535436D+01   0.10406182214450D+01   0.10237892150174D+01   0.99525552483312D+00
 
  440.0000000   0.10083611793125D+01   0.10103496783139D+01   0.10105559424808D+01   0.10081053838520D+01   0.10017423231880D+01   0.98990768241864D+00   0.97071385971018D+00   0.94007961860930D+00
