>
0 0.00
14.77 0.00
14.77 200.00
0 200.00
>
0 200.00
14.49 200.00
14.49 400.00
0 400.00
>
0 400.00
14.21 400.00
14.21 600.00
0 600.00
>
0 600.00
13.94 600.00
13.94 800.00
0 800.00
>
0 800.00
13.67 800.00
13.67 1000.00
0 1000.00
>
0 1000.00
13.40 1000.00
13.40 1200.00
0 1200.00
>
0 1200.00
13.14 1200.00
13.14 1400.00
0 1400.00
>
0 1400.00
0.00 1400.00
0.00 1600.00
0 1600.00
>
0 1600.00
0.00 1600.00
0.00 1800.00
0 1800.00
>
0 1800.00
0.00 1800.00
0.00 2000.00
0 2000.00
>
0 2000.00
0.00 2000.00
0.00 2200.00
0 2200.00
>
0 2200.00
2.38 2200.00
2.38 2400.00
0 2400.00
>
0 2400.00
0.00 2400.00
0.00 2600.00
0 2600.00
>
0 2600.00
0.00 2600.00
0.00 2800.00
0 2800.00
>
0 2800.00
0.00 2800.00
0.00 3000.00
0 3000.00
>
0 3000.00
0.00 3000.00
0.00 3200.00
0 3200.00
>
0 3200.00
0.00 3200.00
0.00 3400.00
0 3400.00
>
0 3400.00
0.00 3400.00
0.00 3600.00
0 3600.00
>
0 3600.00
0.00 3600.00
0.00 3800.00
0 3800.00
>
0 3800.00
0.00 3800.00
0.00 4000.00
0 4000.00
>
0 4000.00
0.00 4000.00
0.00 4200.00
0 4200.00
>
0 4200.00
0.00 4200.00
0.00 4400.00
0 4400.00
>
0 4400.00
0.00 4400.00
0.00 4600.00
0 4600.00
>
0 4600.00
0.00 4600.00
0.00 4800.00
0 4800.00
>
0 4800.00
0.00 4800.00
0.00 5000.00
0 5000.00
>
0 5000.00
0.00 5000.00
0.00 5200.00
0 5200.00
>
0 5200.00
0.00 5200.00
0.00 5400.00
0 5400.00
>
0 5400.00
0.00 5400.00
0.00 5600.00
0 5600.00
>
0 5600.00
0.00 5600.00
0.00 5800.00
0 5800.00
>
0 5800.00
0.00 5800.00
0.00 6000.00
0 6000.00
>
0 6000.00
0.00 6000.00
0.00 6200.00
0 6200.00
>
0 6200.00
0.00 6200.00
0.00 6400.00
0 6400.00
>
0 6400.00
0.00 6400.00
0.00 6600.00
0 6600.00
>
0 6600.00
0.00 6600.00
0.00 6800.00
0 6800.00
>
0 6800.00
0.00 6800.00
0.00 7000.00
0 7000.00
>
0 7000.00
0.00 7000.00
0.00 7200.00
0 7200.00
>
0 7200.00
0.00 7200.00
0.00 7400.00
0 7400.00
>
0 7400.00
0.00 7400.00
0.00 7600.00
0 7600.00
>
0 7600.00
0.00 7600.00
0.00 7800.00
0 7800.00
>
0 7800.00
0.00 7800.00
0.00 8000.00
0 8000.00
>
0 8000.00
0.00 8000.00
0.00 8200.00
0 8200.00
>
0 8200.00
0.00 8200.00
0.00 8400.00
0 8400.00
>
0 8400.00
0.00 8400.00
0.00 8600.00
0 8600.00
>
0 8600.00
0.00 8600.00
0.00 8800.00
0 8800.00
>
0 8800.00
0.00 8800.00
0.00 9000.00
0 9000.00
>
0 9000.00
0.00 9000.00
0.00 9200.00
0 9200.00
>
0 9200.00
0.00 9200.00
0.00 9400.00
0 9400.00
>
0 9400.00
0.00 9400.00
0.00 9600.00
0 9600.00
>
0 9600.00
0.00 9600.00
0.00 9800.00
0 9800.00
>
0 9800.00
0.00 9800.00
0.00 10000.00
0 10000.00
