0.00 13.87
200.00 13.61
400.00 13.35
600.00 13.09
800.00 12.84
1000.00 12.59
1200.00 12.34
1400.00 6.08
1600.00 0.00
1800.00 0.00
2000.00 0.00
2200.00 2.23
2400.00 0.00
2600.00 0.00
2800.00 0.00
3000.00 0.00
3200.00 0.00
3400.00 0.00
3600.00 0.00
3800.00 0.00
4000.00 0.00
4200.00 0.00
4400.00 0.00
4600.00 0.00
4800.00 0.00
5000.00 0.00
5200.00 0.00
5400.00 0.00
5600.00 0.00
5800.00 0.00
6000.00 0.00
6200.00 0.00
6400.00 0.00
6600.00 0.00
6800.00 0.00
7000.00 0.00
7200.00 0.00
7400.00 0.00
7600.00 0.00
7800.00 0.00
8000.00 0.00
8200.00 0.00
8400.00 0.00
8600.00 0.00
8800.00 0.00
9000.00 0.00
9200.00 0.00
9400.00 0.00
9600.00 0.00
9800.00 0.00
