 #  SCIATRAN 2.2 (DOM, spherical mode)
 #  Height resolved air mass factors for no2
 #  Spectral range:  440.000 -  440.000
 #  The number of spectral points:    1
 #  The number of altitude levels:  44
    10.000     9.800     9.600     9.400     9.200     9.000     8.800     8.600     8.400     8.200     8.000     7.800     7.600     7.400     7.200     7.000     6.800     6.600     6.400     6.200     6.000     5.800     5.600     5.400     5.200     5.000     4.800     4.600     4.400     4.200     4.000     3.800     3.600     3.400     3.200     3.000     2.800     2.600     2.400     2.200     2.000     1.800     1.600     1.400
 
  440.0000000   0.11077500856723D+01   0.11593326026573D+01   0.12258591728747D+01   0.13106751275682D+01   0.14192786064683D+01   0.15601503238203D+01   0.17466831813172D+01   0.20013893581695D+01
 
  440.0000000   0.11128552723910D+01   0.11647031490939D+01   0.12315510066538D+01   0.13167445530360D+01   0.14257860120106D+01   0.15671625290845D+01   0.17542763111592D+01   0.20096453748441D+01
 
  440.0000000   0.11227597107894D+01   0.11751173977670D+01   0.12425820677911D+01   0.13284992880473D+01   0.14383783855749D+01   0.15807178565704D+01   0.17689362184346D+01   0.20255586390248D+01
 
  440.0000000   0.11321412243664D+01   0.11849724639181D+01   0.12530092410911D+01   0.13395953561281D+01   0.14502453265716D+01   0.15934662878297D+01   0.17826889424629D+01   0.20404373949122D+01
 
  440.0000000   0.11411589879031D+01   0.11944374439153D+01   0.12630137488484D+01   0.13502286588053D+01   0.14616003665034D+01   0.16056424889698D+01   0.17957946206912D+01   0.20545730497326D+01
 
  440.0000000   0.11499379220743D+01   0.12036450131371D+01   0.12727377241971D+01   0.13605527822311D+01   0.14726108535815D+01   0.16174303119006D+01   0.18084569986723D+01   0.20681937459927D+01
 
  440.0000000   0.11585756376415D+01   0.12126988557230D+01   0.12822923187732D+01   0.13706878681713D+01   0.14834076748349D+01   0.16289734996464D+01   0.18208353420489D+01   0.20814778288389D+01
 
  440.0000000   0.11671495159279D+01   0.12216811522741D+01   0.12917656289857D+01   0.13807291132248D+01   0.14940944919959D+01   0.16403858342255D+01   0.18330556710900D+01   0.20945663687832D+01
 
  440.0000000   0.11757227498505D+01   0.12306589663832D+01   0.13012294655674D+01   0.13907540350078D+01   0.15047556360029D+01   0.16517597912875D+01   0.18452202904777D+01   0.21075736995563D+01
 
  440.0000000   0.11843485123740D+01   0.12396887010853D+01   0.13107441936719D+01   0.14008277642268D+01   0.15154619270909D+01   0.16631729873254D+01   0.18574150049068D+01   0.21205956182973D+01
 
  440.0000000   0.11930726195518D+01   0.12488189425195D+01   0.13203617974291D+01   0.14110063747940D+01   0.15262743243001D+01   0.16746922173399D+01   0.18697136378297D+01   0.21337145087949D+01
 
  440.0000000   0.12019372121247D+01   0.12580943944328D+01   0.13301301295234D+01   0.14213415230112D+01   0.15372490451356D+01   0.16863791699729D+01   0.18821844948509D+01   0.21470067739180D+01
 
  440.0000000   0.12109858951393D+01   0.12675613150441D+01   0.13400987095176D+01   0.14318866778336D+01   0.15484443066373D+01   0.16982977697076D+01   0.18948984134201D+01   0.21605517192701D+01
 
  440.0000000   0.12202698683968D+01   0.12772740046745D+01   0.13503256466025D+01   0.14427045656341D+01   0.15599283903441D+01   0.17105229755927D+01   0.19079384306028D+01   0.21744422526104D+01
 
  440.0000000   0.12298549448004D+01   0.12873022827169D+01   0.13608856846615D+01   0.14538759156684D+01   0.15717892474629D+01   0.17231514435931D+01   0.19214117580628D+01   0.21887985240424D+01
 
  440.0000000   0.12398314375946D+01   0.12977420025168D+01   0.13718814879563D+01   0.14655116922633D+01   0.15841478842153D+01   0.17363163116733D+01   0.19354662702634D+01   0.22037865157122D+01
 
  440.0000000   0.12503313769838D+01   0.13087333532585D+01   0.13834632852329D+01   0.14777744172719D+01   0.15971817416503D+01   0.17502130492869D+01   0.19503192634990D+01   0.22196503090341D+01
 
  440.0000000   0.12615574132633D+01   0.13204915748638D+01   0.13958618651568D+01   0.14909139710562D+01   0.16111638822534D+01   0.17651426650410D+01   0.19663053784082D+01   0.22367656592728D+01
 
  440.0000000   0.12738313606310D+01   0.13333585346643D+01   0.14094439335319D+01   0.15053277002289D+01   0.16265289064231D+01   0.17815845119363D+01   0.19839573176767D+01   0.22557298953930D+01
 
  440.0000000   0.12886527388293D+01   0.13489428301216D+01   0.14259587060726D+01   0.15229383712085D+01   0.16454155477200D+01   0.18019517553371D+01   0.20060466879769D+01   0.22797895051553D+01
 
  440.0000000   0.17994175355271D+01   0.18605405587454D+01   0.19385648072429D+01   0.20367188808638D+01   0.21605399000815D+01   0.23185914085776D+01   0.25243637679774D+01   0.27998398085785D+01
 
  440.0000000   0.22963523515097D+01   0.23580549139953D+01   0.24367437202905D+01   0.25356237823929D+01   0.26601880387792D+01   0.28189145747372D+01   0.30251273746989D+01   0.33003941376068D+01
 
  440.0000000   0.22831574319370D+01   0.23450999035739D+01   0.24240110111021D+01   0.25230680525481D+01   0.26476795655012D+01   0.28061638696791D+01   0.30115503910030D+01   0.32847652629377D+01
 
  440.0000000   0.22660812876464D+01   0.23280120632960D+01   0.24068253224701D+01   0.25056727575736D+01   0.26298529269967D+01   0.27874756053042D+01   0.29911929427894D+01   0.32611759976941D+01
 
  440.0000000   0.22461380876581D+01   0.23078761848675D+01   0.23863632669407D+01   0.24847247661834D+01   0.26081286303914D+01   0.27644371949555D+01   0.29658592991335D+01   0.32317220281931D+01
 
  440.0000000   0.22238124994095D+01   0.22852088890175D+01   0.23631807441458D+01   0.24608259490341D+01   0.25831645566122D+01   0.27377794137821D+01   0.29363820505245D+01   0.31973761447717D+01
 
  440.0000000   0.21993104852306D+01   0.22602258334785D+01   0.23374990619082D+01   0.24342084990586D+01   0.25552113612764D+01   0.27077798103857D+01   0.29030741545853D+01   0.31584930776895D+01
 
  440.0000000   0.21726858434955D+01   0.22329804946642D+01   0.23093685175876D+01   0.24049187212770D+01   0.25243108048941D+01   0.26744750794836D+01   0.28659669056054D+01   0.31150960081488D+01
 
  440.0000000   0.21439011949160D+01   0.22034324659007D+01   0.22787542806292D+01   0.23729150979354D+01   0.24903994323181D+01   0.26377682453372D+01   0.28249291570043D+01   0.30670254567697D+01
 
  440.0000000   0.21128675277084D+01   0.21714858327316D+01   0.22455618253677D+01   0.23380887131400D+01   0.24533350733818D+01   0.25974701964668D+01   0.27797256774891D+01   0.30140086692116D+01
 
  440.0000000   0.20794671531240D+01   0.21370084323028D+01   0.22096375142868D+01   0.23002577452078D+01   0.24129003600709D+01   0.25533202044471D+01   0.27300449229669D+01   0.29556729028475D+01
 
  440.0000000   0.20435578266438D+01   0.20998369985406D+01   0.21707784909141D+01   0.22591790078407D+01   0.23688122975406D+01   0.25049918980266D+01   0.26755045856606D+01   0.28915569337191D+01
 
  440.0000000   0.20049510576212D+01   0.20597579577309D+01   0.21287269010862D+01   0.22145471769008D+01   0.23207160705667D+01   0.24520757012115D+01   0.26156281661494D+01   0.28210967182156D+01
 
  440.0000000   0.19633869414631D+01   0.20164824264447D+01   0.20831492498723D+01   0.21659758795587D+01   0.22681641809613D+01   0.23940531170143D+01   0.25498140591206D+01   0.27435930936417D+01
 
  440.0000000   0.19185187252713D+01   0.19696292379273D+01   0.20336175987756D+01   0.21129763715313D+01   0.22105920182280D+01   0.23302690404363D+01   0.24773053478709D+01   0.26581809628228D+01
 
  440.0000000   0.18698919932971D+01   0.19187023482983D+01   0.19795819070046D+01   0.20549167818610D+01   0.21472598549342D+01   0.22598633773623D+01   0.23971392423395D+01   0.25638282893494D+01
 
  440.0000000   0.18169187801235D+01   0.18630628621997D+01   0.19203409212590D+01   0.19910026891946D+01   0.20772500477575D+01   0.21817782950292D+01   0.23081309499627D+01   0.24592613273747D+01
 
  440.0000000   0.17588189860991D+01   0.18018664595303D+01   0.18549777314122D+01   0.19202266610438D+01   0.19994399629439D+01   0.20947428020493D+01   0.22088164934562D+01   0.23428089427193D+01
 
  440.0000000   0.16945292140374D+01   0.17339667248843D+01   0.17822513566266D+01   0.18412284377245D+01   0.19123195460732D+01   0.19970619127722D+01   0.20972771601923D+01   0.22123351022924D+01
 
  440.0000000   0.16225643531354D+01   0.16577676705822D+01   0.17004366174434D+01   0.17521150395241D+01   0.18137873951130D+01   0.18863924221468D+01   0.19709140449494D+01   0.20650378499364D+01
 
  440.0000000   0.15407152344072D+01   0.15709010708789D+01   0.16069793130550D+01   0.16500989035714D+01   0.17007727837642D+01   0.17593369976814D+01   0.18259774056232D+01   0.18968818533132D+01
 
  440.0000000   0.14452288022353D+01   0.14693482361114D+01   0.14975426710298D+01   0.15304588955719D+01   0.15681000592645D+01   0.16101959559693D+01   0.16561801461448D+01   0.17010620308352D+01
 
  440.0000000   0.13252611562802D+01   0.13414803578343D+01   0.13595330195256D+01   0.13794435052621D+01   0.14006411987104D+01   0.14222077044115D+01   0.14428116597901D+01   0.14568478404979D+01
 
  440.0000000   0.12570497045501D+01   0.12687067286290D+01   0.12809344455577D+01   0.12934134895130D+01   0.13052645900458D+01   0.13152258096940D+01   0.13215662437730D+01   0.13185557743446D+01
