 #  SCIATRAN 2.2 (DOM, spherical mode)
 #  Height resolved air mass factors for no2
 #  Spectral range:  440.000 -  440.000
 #  The number of spectral points:    1
 #  The number of altitude levels:  44
    10.000     9.800     9.600     9.400     9.200     9.000     8.800     8.600     8.400     8.200     8.000     7.800     7.600     7.400     7.200     7.000     6.800     6.600     6.400     6.200     6.000     5.800     5.600     5.400     5.200     5.000     4.800     4.600     4.400     4.200     4.000     3.800     3.600     3.400     3.200     3.000     2.800     2.600     2.400     2.200     2.000     1.800     1.600     1.400
 
  440.0000000   0.11054832980506D+01   0.11566958040096D+01   0.12227178783940D+01   0.13066726484006D+01   0.14140146689846D+01   0.15533452043121D+01   0.17385238298846D+01   0.19914849116934D+01
 
  440.0000000   0.11107308767951D+01   0.11622054720684D+01   0.12285495712140D+01   0.13128894996629D+01   0.14206885672577D+01   0.15605614736374D+01   0.17463875546934D+01   0.20001166202707D+01
 
  440.0000000   0.11209222497586D+01   0.11729003512023D+01   0.12398626767605D+01   0.13249409239762D+01   0.14336144929754D+01   0.15745228463005D+01   0.17615815662406D+01   0.20167655678489D+01
 
  440.0000000   0.11305959500498D+01   0.11830417015280D+01   0.12505774289781D+01   0.13363383479248D+01   0.14458174228159D+01   0.15876751383458D+01   0.17758575149700D+01   0.20323541274546D+01
 
  440.0000000   0.11399129241202D+01   0.11928002742366D+01   0.12608767639854D+01   0.13472796149502D+01   0.14575133870331D+01   0.16002566943858D+01   0.17894815103888D+01   0.20471836079137D+01
 
  440.0000000   0.11489996760810D+01   0.12023102419982D+01   0.12709043828576D+01   0.13579200720956D+01   0.14688719276836D+01   0.16124544611699D+01   0.18026621473346D+01   0.20614900158711D+01
 
  440.0000000   0.11579552915232D+01   0.12116766788923D+01   0.12807728020559D+01   0.13683813274722D+01   0.14800257309108D+01   0.16244147091985D+01   0.18155626045532D+01   0.20754579446144D+01
 
  440.0000000   0.11668585993865D+01   0.12209831422890D+01   0.12905714545682D+01   0.13787599831241D+01   0.14910801245924D+01   0.16362534585388D+01   0.18283122077677D+01   0.20892335489871D+01
 
  440.0000000   0.11757743224693D+01   0.12302981774634D+01   0.13003736316979D+01   0.13891351069652D+01   0.15021211895452D+01   0.16480653623445D+01   0.18410162543127D+01   0.21029355280082D+01
 
  440.0000000   0.11847573250912D+01   0.12396798426603D+01   0.13102413561108D+01   0.13995735374051D+01   0.15132215992770D+01   0.16599302159141D+01   0.18537633745164D+01   0.21166636029193D+01
 
  440.0000000   0.11938553825578D+01   0.12491786602382D+01   0.13202285583947D+01   0.14101333355400D+01   0.15244444081624D+01   0.16719171564541D+01   0.18666302424122D+01   0.21305038747093D+01
 
  440.0000000   0.12031130011940D+01   0.12588416892846D+01   0.13303854672262D+01   0.14208685691004D+01   0.15358483244885D+01   0.16840905506665D+01   0.18796882521355D+01   0.21445365413612D+01
 
  440.0000000   0.12125769268170D+01   0.12687183353949D+01   0.13407647897355D+01   0.14318359366433D+01   0.15474948631408D+01   0.16965177788445D+01   0.18930120644150D+01   0.21588453626912D+01
 
  440.0000000   0.12223028380373D+01   0.12788674093688D+01   0.13514292199537D+01   0.14431028137796D+01   0.15594570315784D+01   0.17092786855956D+01   0.19066899833059D+01   0.21735291541219D+01
 
  440.0000000   0.12323631264203D+01   0.12893653793028D+01   0.13624602798338D+01   0.14547568116620D+01   0.15718297629952D+01   0.17224770924762D+01   0.19208368313557D+01   0.21887164078754D+01
 
  440.0000000   0.12428581457715D+01   0.13003182694127D+01   0.13739710002486D+01   0.14669194192183D+01   0.15847447370053D+01   0.17362570649982D+01   0.19356120064716D+01   0.22045855696421D+01
 
  440.0000000   0.12539358566327D+01   0.13118824010678D+01   0.13861278949662D+01   0.14797695733290D+01   0.15983960009913D+01   0.17508311162723D+01   0.19512508827047D+01   0.22214003794694D+01
 
  440.0000000   0.12658248224503D+01   0.13242993263791D+01   0.13991884600640D+01   0.14935840991386D+01   0.16130837716060D+01   0.17665279729089D+01   0.19681174990229D+01   0.22395687512875D+01
 
  440.0000000   0.12788900877532D+01   0.13379549729951D+01   0.14135646140201D+01   0.15088060960945D+01   0.16292885023056D+01   0.17838733644630D+01   0.19867936955201D+01   0.22597423902425D+01
 
  440.0000000   0.12937303803965D+01   0.13534823181710D+01   0.14299318799022D+01   0.15261621780996D+01   0.16477980776667D+01   0.18037294942408D+01   0.20082337991979D+01   0.22829903042322D+01
 
  440.0000000   0.18068306309761D+01   0.18672919016093D+01   0.19445974394712D+01   0.20418155797764D+01   0.21645735832794D+01   0.23217692146961D+01   0.25276900182533D+01   0.28039189701007D+01
 
  440.0000000   0.23128720371804D+01   0.23738896322813D+01   0.24518388143092D+01   0.25497495794855D+01   0.26732157440417D+01   0.28310862024969D+01   0.30375645771750D+01   0.33139483615508D+01
 
  440.0000000   0.23132898755930D+01   0.23746707634398D+01   0.24530125719388D+01   0.25512938337493D+01   0.26750510014195D+01   0.28330453952674D+01   0.30393326801520D+01   0.33148108190807D+01
 
  440.0000000   0.23112697350287D+01   0.23728796560682D+01   0.24514468793197D+01   0.25498972911250D+01   0.26737028536188D+01   0.28315247855558D+01   0.30372500419060D+01   0.33113523321566D+01
 
  440.0000000   0.23073294439712D+01   0.23690654487508D+01   0.24477298177974D+01   0.25461957740820D+01   0.26698654167652D+01   0.28272899539804D+01   0.30321709316795D+01   0.33045388254785D+01
 
  440.0000000   0.23017845348890D+01   0.23635631264348D+01   0.24422205779648D+01   0.25405783957369D+01   0.26639646544457D+01   0.28208123767562D+01   0.30246236314247D+01   0.32949705480039D+01
 
  440.0000000   0.22948173465908D+01   0.23565667228252D+01   0.24351277068047D+01   0.25332721254514D+01   0.26562507446516D+01   0.28123712809401D+01   0.30149236855901D+01   0.32830092087553D+01
 
  440.0000000   0.22865211703558D+01   0.23481762160489D+01   0.24265597910855D+01   0.25243971300924D+01   0.26468589215567D+01   0.28021206731936D+01   0.30032472507365D+01   0.32688578445532D+01
 
  440.0000000   0.22769282515834D+01   0.23384273326430D+01   0.24165578172080D+01   0.25140015045370D+01   0.26358464904937D+01   0.27901292594652D+01   0.29896761535631D+01   0.32526141021345D+01
 
  440.0000000   0.22660294707265D+01   0.23273122231155D+01   0.24051165795789D+01   0.25020835734533D+01   0.26232164014259D+01   0.27764061265069D+01   0.29742276948423D+01   0.32343069372771D+01
 
  440.0000000   0.22537888840899D+01   0.23147945418738D+01   0.23922000337175D+01   0.24886082418080D+01   0.26089353154312D+01   0.27609207306434D+01   0.29568755738165D+01   0.32139165743320D+01
 
  440.0000000   0.22401562221107D+01   0.23008224625954D+01   0.23777552761586D+01   0.24735226921982D+01   0.25929513920182D+01   0.27436220232858D+01   0.29375671652131D+01   0.31913853841639D+01
 
  440.0000000   0.22250780388241D+01   0.22853399069464D+01   0.23617232183964D+01   0.24567652760907D+01   0.25752006411075D+01   0.27244427232439D+01   0.29162281691339D+01   0.31666226500107D+01
 
  440.0000000   0.22085121201897D+01   0.22683007561174D+01   0.23440518416664D+01   0.24382756062134D+01   0.25556119823479D+01   0.27032993053911D+01   0.28927618279389D+01   0.31395066082040D+01
 
  440.0000000   0.21904497520025D+01   0.22496911234438D+01   0.23247205424320D+01   0.24180217443290D+01   0.25341359810703D+01   0.26801171522535D+01   0.28670586490252D+01   0.31098654244359D+01
 
  440.0000000   0.21709452023039D+01   0.22295575081834D+01   0.23037668860459D+01   0.23960239971335D+01   0.25107631145299D+01   0.26548391238612D+01   0.28389879386789D+01   0.30774365194340D+01
 
  440.0000000   0.21501459944590D+01   0.22080302351821D+01   0.22812924963191D+01   0.23723503015344D+01   0.24855149226659D+01   0.26274090077732D+01   0.28083489054173D+01   0.30417387906020D+01
 
  440.0000000   0.21282697588809D+01   0.21852845751081D+01   0.22573918717438D+01   0.23470232590324D+01   0.24583368526206D+01   0.25976393007404D+01   0.27746638343936D+01   0.30017115665856D+01
 
  440.0000000   0.21054115735732D+01   0.21613238690747D+01   0.22319196901654D+01   0.23197355189924D+01   0.24287187181876D+01   0.25647022387208D+01   0.27365321882634D+01   0.29549252884483D+01
 
  440.0000000   0.20809889855182D+01   0.21353646457386D+01   0.22038288957663D+01   0.22890535817133D+01   0.23946668136498D+01   0.25258043326697D+01   0.26900264388381D+01   0.28957451011296D+01
 
  440.0000000   0.20522371377767D+01   0.21041390149895D+01   0.21691599859937D+01   0.22500361180811D+01   0.23498948453443D+01   0.24728804744948D+01   0.26247989393137D+01   0.28107371237608D+01
 
  440.0000000   0.20092812080273D+01   0.20564915692869D+01   0.21149739988676D+01   0.21873069095894D+01   0.22758416734114D+01   0.23833924003944D+01   0.25135853233719D+01   0.26669370593768D+01
 
  440.0000000   0.19090817384280D+01   0.19453273555025D+01   0.19889752859764D+01   0.20416633342003D+01   0.21044350760866D+01   0.21783258761909D+01   0.22644611006020D+01   0.23582636168459D+01
 
  440.0000000   0.18358288489626D+01   0.18642391298813D+01   0.18974118464746D+01   0.19362077362858D+01   0.19808328428337D+01   0.20312937273945D+01   0.20873889954406D+01   0.21420568292435D+01
