 #  SCIATRAN 2.2 (DOM, spherical mode)
 #  Height resolved air mass factors for no2
 #  Spectral range:  440.000 -  440.000
 #  The number of spectral points:    1
 #  The number of altitude levels:  51
    10.000     9.800     9.600     9.400     9.200     9.000     8.800     8.600     8.400     8.200     8.000     7.800     7.600     7.400     7.200     7.000     6.800     6.600     6.400     6.200     6.000     5.800     5.600     5.400     5.200     5.000     4.800     4.600     4.400     4.200     4.000     3.800     3.600     3.400     3.200     3.000     2.800     2.600     2.400     2.200     2.000     1.800     1.600     1.400     1.200     1.000     0.800     0.600     0.400     0.200     0.000
 
  440.0000000   0.11021538937843D+01   0.11532803688756D+01   0.12192350304078D+01   0.13033763882541D+01   0.14111233383700D+01   0.15507268093381D+01   0.17350031883062D+01   0.19857597975794D+01
 
  440.0000000   0.11071156675222D+01   0.11584913464412D+01   0.12247502037275D+01   0.13092530373988D+01   0.14174250440222D+01   0.15575264160007D+01   0.17423863784584D+01   0.19938272408304D+01
 
  440.0000000   0.11167338058290D+01   0.11685874156941D+01   0.12354292647131D+01   0.13206238138527D+01   0.14296076523756D+01   0.15706577465382D+01   0.17566263321555D+01   0.20093603311334D+01
 
  440.0000000   0.11258277631996D+01   0.11781236502060D+01   0.12455042381675D+01   0.13313360005655D+01   0.14410647620041D+01   0.15829811358927D+01   0.17699556143506D+01   0.20238500550557D+01
 
  440.0000000   0.11345523328589D+01   0.11872642963375D+01   0.12551510479180D+01   0.13415797345389D+01   0.14520037209588D+01   0.15947248199490D+01   0.17826280534930D+01   0.20375823947709D+01
 
  440.0000000   0.11430285081272D+01   0.11961377117548D+01   0.12645071482421D+01   0.13515035367519D+01   0.14625864449992D+01   0.16060669648444D+01   0.17948417217820D+01   0.20507804095685D+01
 
  440.0000000   0.11513502976806D+01   0.12048436223808D+01   0.12736793299849D+01   0.13612227955957D+01   0.14729387332145D+01   0.16171460081420D+01   0.18067505539052D+01   0.20636175015093D+01
 
  440.0000000   0.11595915536011D+01   0.12134603523301D+01   0.12827514442621D+01   0.13708280888073D+01   0.14831593091422D+01   0.16280705628621D+01   0.18184752901692D+01   0.20762296350821D+01
 
  440.0000000   0.11678117528542D+01   0.12220509403043D+01   0.12917909297456D+01   0.13803922073473D+01   0.14933274398205D+01   0.16389277480872D+01   0.18301126599885D+01   0.20887255602085D+01
 
  440.0000000   0.11760599336052D+01   0.12306673354265D+01   0.13008533323670D+01   0.13899750766147D+01   0.15035083536803D+01   0.16497892242508D+01   0.18417421948940D+01   0.21011946400141D+01
 
  440.0000000   0.11843771030773D+01   0.12393529672063D+01   0.13099850753048D+01   0.13996267725396D+01   0.15137565575662D+01   0.16607148777209D+01   0.18534303642974D+01   0.21137115565413D+01
 
  440.0000000   0.11927994763856D+01   0.12481462056112D+01   0.13192271962983D+01   0.14093916060672D+01   0.15241203554781D+01   0.16717578857242D+01   0.18652363368894D+01   0.21263429933820D+01
 
  440.0000000   0.12013629103000D+01   0.12570850430584D+01   0.13286203330431D+01   0.14193134762843D+01   0.15346476434719D+01   0.16829710393669D+01   0.18772189343025D+01   0.21391553491768D+01
 
  440.0000000   0.12101079343341D+01   0.12662124089562D+01   0.13382103843657D+01   0.14294419545440D+01   0.15453925054441D+01   0.16944139551219D+01   0.18894445822062D+01   0.21522235854700D+01
 
  440.0000000   0.12190851279128D+01   0.12755818691680D+01   0.13480545281592D+01   0.14398387951581D+01   0.15564224359744D+01   0.17061612356542D+01   0.19019966071234D+01   0.21656419254432D+01
 
  440.0000000   0.12283622559145D+01   0.12852652299866D+01   0.13582294638435D+01   0.14505869760859D+01   0.15678283384651D+01   0.17183135721628D+01   0.19149875531262D+01   0.21795376092789D+01
 
  440.0000000   0.12380367284565D+01   0.12953658605524D+01   0.13688460305037D+01   0.14618066590186D+01   0.15797418912576D+01   0.17310167763194D+01   0.19285805485537D+01   0.21940955645236D+01
 
  440.0000000   0.12482569257902D+01   0.13060412816778D+01   0.13800732145014D+01   0.14736810742787D+01   0.15923639038477D+01   0.17444933251406D+01   0.19430249005918D+01   0.22095990782193D+01
 
  440.0000000   0.12592575256150D+01   0.13175407501069D+01   0.13921788390137D+01   0.14865012221979D+01   0.16060138825643D+01   0.17590974115485D+01   0.19587167296522D+01   0.22264965414625D+01
 
  440.0000000   0.12723287498124D+01   0.13312461186967D+01   0.14066637223863D+01   0.15019158782125D+01   0.16225265684466D+01   0.17769029727633D+01   0.19780467005351D+01   0.22476050091172D+01
 
  440.0000000   0.17836765205269D+01   0.18433138374408D+01   0.19196114942462D+01   0.20159055688523D+01   0.21377331836088D+01   0.22935162752466D+01   0.24962652634494D+01   0.27675689921023D+01
 
  440.0000000   0.22870334604590D+01   0.23472615447205D+01   0.24242552078369D+01   0.25213449219438D+01   0.26440487604539D+01   0.28007423625115D+01   0.30043329016321D+01   0.32761111441031D+01
 
  440.0000000   0.22841394980835D+01   0.23447461413907D+01   0.24221537825249D+01   0.25196884015673D+01   0.26428197271880D+01   0.27998207898655D+01   0.30033968361813D+01   0.32743552743052D+01
 
  440.0000000   0.22785756921715D+01   0.23393836834158D+01   0.24169768786232D+01   0.25146818333323D+01   0.26378981771455D+01   0.27947526461164D+01   0.29976725270711D+01   0.32668746622995D+01
 
  440.0000000   0.22711100943484D+01   0.23319942540899D+01   0.24096136778360D+01   0.25072972919472D+01   0.26303568636810D+01   0.27867375357808D+01   0.29885269518636D+01   0.32552659593911D+01
 
  440.0000000   0.22621105206338D+01   0.23229685559580D+01   0.24004823372557D+01   0.24979852560497D+01   0.26206866016527D+01   0.27763207970828D+01   0.29765850177205D+01   0.32402659929553D+01
 
  440.0000000   0.22517250945234D+01   0.23124610583530D+01   0.23897412033187D+01   0.24869117450881D+01   0.26090662766077D+01   0.27636994996289D+01   0.29620664517847D+01   0.32221193399408D+01
 
  440.0000000   0.22399658148145D+01   0.23004826577778D+01   0.23774016578082D+01   0.24740854233566D+01   0.25954976071882D+01   0.27488644284124D+01   0.29449487350021D+01   0.32007872734809D+01
 
  440.0000000   0.22267131962626D+01   0.22869080319204D+01   0.23633429959751D+01   0.24593770038532D+01   0.25798259820053D+01   0.27316225219378D+01   0.29249985783502D+01   0.31760012997167D+01
 
  440.0000000   0.22115193991873D+01   0.22712664178610D+01   0.23470769967253D+01   0.24422656888586D+01   0.25614800253167D+01   0.27113374298847D+01   0.29015110351735D+01   0.31469945256794D+01
 
  440.0000000   0.21932029487424D+01   0.22524249740561D+01   0.23275508183623D+01   0.24217814194681D+01   0.25395575964519D+01   0.26871344994028D+01   0.28735555050029D+01   0.31125851438086D+01
 
  440.0000000   0.21751802702493D+01   0.22335504761396D+01   0.23075620956041D+01   0.24002223538922D+01   0.25156483209299D+01   0.26595405980105D+01   0.28399907530921D+01   0.30688805973400D+01
 
  440.0000000   0.21598952818141D+01   0.22170173287574D+01   0.22892709742551D+01   0.23795198667204D+01   0.24914842246211D+01   0.26301665268762D+01   0.28024686280565D+01   0.30178311055889D+01
 
  440.0000000   0.21428994003485D+01   0.21988601772202D+01   0.22693368561956D+01   0.23572040118523D+01   0.24658798552151D+01   0.25998117306361D+01   0.27649665403469D+01   0.29686707441895D+01
 
  440.0000000   0.21221137097354D+01   0.21768813099193D+01   0.22455297202691D+01   0.23309841098605D+01   0.24364293327726D+01   0.25658861091966D+01   0.27246215455113D+01   0.29182957746804D+01
 
  440.0000000   0.20978853933405D+01   0.21511203780626D+01   0.22175374801736D+01   0.23000448624926D+01   0.24015684323311D+01   0.25256895076250D+01   0.26769773235930D+01   0.28594690204726D+01
 
  440.0000000   0.20700872954874D+01   0.21214851355810D+01   0.21852933562817D+01   0.22643372043885D+01   0.23612525397684D+01   0.24791599604846D+01   0.26219214332722D+01   0.27918991664496D+01
 
  440.0000000   0.20385587383598D+01   0.20877746336224D+01   0.21485338358215D+01   0.22235179981916D+01   0.23150413422029D+01   0.24257422545469D+01   0.25587686964686D+01   0.27147661490879D+01
 
  440.0000000   0.20026560195212D+01   0.20492806050900D+01   0.21064669832533D+01   0.21766844632534D+01   0.22618926466032D+01   0.23642300441820D+01   0.24861361349632D+01   0.26265260033994D+01
 
  440.0000000   0.19614457378810D+01   0.20049860651230D+01   0.20579727376747D+01   0.21225808495419D+01   0.22003803341022D+01   0.22929968142674D+01   0.24021814710001D+01   0.25251495926318D+01
 
  440.0000000   0.19136444759638D+01   0.19534985590198D+01   0.20015275792700D+01   0.20595182411280D+01   0.21286118954087D+01   0.22099083426033D+01   0.23044964118512D+01   0.24079829337156D+01
 
  440.0000000   0.18575264096501D+01   0.18929458006616D+01   0.19350825414755D+01   0.19852234502829D+01   0.20440399905941D+01   0.21120992935082D+01   0.21898718401785D+01   0.22715374572600D+01
 
  440.0000000   0.17912004361090D+01   0.18212297656734D+01   0.18562775753080D+01   0.18970118079676D+01   0.19435870001846D+01   0.19960273993547D+01   0.20542300703751D+01   0.21112453306139D+01
 
  440.0000000   0.17206947293143D+01   0.17448117850871D+01   0.17721364528429D+01   0.18027267358846D+01   0.18361932443568D+01   0.18719654734451D+01   0.19092855965074D+01   0.19404641437459D+01
 
  440.0000000   0.16512821210782D+01   0.16711523731095D+01   0.16929587897816D+01   0.17163772857089D+01   0.17406137275386D+01   0.17646062854085D+01   0.17869907261333D+01   0.17998768781667D+01
 
  440.0000000   0.15972029354626D+01   0.16149363341230D+01   0.16340217920054D+01   0.16539503886684D+01   0.16737340043657D+01   0.16920665733971D+01   0.17072656517242D+01   0.17116277825707D+01
 
  440.0000000   0.15554845244007D+01   0.15714497784168D+01   0.15883476001880D+01   0.16055404245108D+01   0.16219317461624D+01   0.16360898577303D+01   0.16461787080838D+01   0.16447687741673D+01
 
  440.0000000   0.15075862691177D+01   0.15215980005990D+01   0.15361017748183D+01   0.15503627690460D+01   0.15632013182152D+01   0.15730899505415D+01   0.15780779902402D+01   0.15710690180983D+01
 
  440.0000000   0.14532191841157D+01   0.14650575765585D+01   0.14769213265979D+01   0.14879985867122D+01   0.14970463903573D+01   0.15024664468914D+01   0.15022268524494D+01   0.14896349124711D+01
 
  440.0000000   0.13896338778173D+01   0.13989492506003D+01   0.14077767017709D+01   0.14152522460530D+01   0.14200904020755D+01   0.14206450971245D+01   0.14148303477042D+01   0.13964561814659D+01
 
  440.0000000   0.13550049698198D+01   0.13629474468716D+01   0.13701298474702D+01   0.13756698541723D+01   0.13782664846535D+01   0.13762556185763D+01   0.13675304510096D+01   0.13461820586439D+01
