 #  SCIATRAN 2.2 (DOM, spherical mode)
 #  Height resolved air mass factors for no2
 #  Spectral range:  440.000 -  440.000
 #  The number of spectral points:    1
 #  The number of altitude levels:  51
    10.000     9.800     9.600     9.400     9.200     9.000     8.800     8.600     8.400     8.200     8.000     7.800     7.600     7.400     7.200     7.000     6.800     6.600     6.400     6.200     6.000     5.800     5.600     5.400     5.200     5.000     4.800     4.600     4.400     4.200     4.000     3.800     3.600     3.400     3.200     3.000     2.800     2.600     2.400     2.200     2.000     1.800     1.600     1.400     1.200     1.000     0.800     0.600     0.400     0.200     0.000
 
  440.0000000   0.11033328215194D+01   0.11544782575836D+01   0.12204745335615D+01   0.13045125914475D+01   0.14120332921095D+01   0.15515103469255D+01   0.17364167215812D+01   0.19886176861024D+01
 
  440.0000000   0.11081309006045D+01   0.11595186588141D+01   0.12258131921353D+01   0.13102094096597D+01   0.14181568733865D+01   0.15581421796866D+01   0.17436567470996D+01   0.19965861707423D+01
 
  440.0000000   0.11174262312745D+01   0.11692781314761D+01   0.12361435624276D+01   0.13212243331191D+01   0.14299859815202D+01   0.15709387615365D+01   0.17576077293476D+01   0.20119130397450D+01
 
  440.0000000   0.11262040973946D+01   0.11784843547647D+01   0.12458759470531D+01   0.13315857243965D+01   0.14410926609974D+01   0.15829269090245D+01   0.17706413418723D+01   0.20261797058358D+01
 
  440.0000000   0.11346148181801D+01   0.11872969513240D+01   0.12551815498248D+01   0.13414790175613D+01   0.14516797818812D+01   0.15943309634309D+01   0.17830087083001D+01   0.20396715375745D+01
 
  440.0000000   0.11427756761188D+01   0.11958404363925D+01   0.12641938890926D+01   0.13510487890498D+01   0.14619054646235D+01   0.16053257187794D+01   0.17949054170100D+01   0.20526106916909D+01
 
  440.0000000   0.11507775488180D+01   0.12042112860095D+01   0.12730164124726D+01   0.13604070523613D+01   0.14718922193323D+01   0.16160466160256D+01   0.18064830514539D+01   0.20651693931752D+01
 
  440.0000000   0.11586915319649D+01   0.12124849547454D+01   0.12817300034509D+01   0.13696413627551D+01   0.14817357782915D+01   0.16265994622476D+01   0.18178599975362D+01   0.20774821050451D+01
 
  440.0000000   0.11665745253401D+01   0.12207217891478D+01   0.12903992997378D+01   0.13788216298395D+01   0.14915125082785D+01   0.16370685711156D+01   0.18291304738522D+01   0.20896556643534D+01
 
  440.0000000   0.11744730110218D+01   0.12289710590775D+01   0.12990770428098D+01   0.13880048651235D+01   0.15012846558629D+01   0.16475226352163D+01   0.18403712067579D+01   0.21017770211740D+01
 
  440.0000000   0.11824253327461D+01   0.12372733935779D+01   0.13078067083392D+01   0.13972380541132D+01   0.15111035184687D+01   0.16580182675523D+01   0.18516454346625D+01   0.21139178378794D+01
 
  440.0000000   0.11904647223341D+01   0.12456640181967D+01   0.13166260097477D+01   0.14065619963895D+01   0.15210137101827D+01   0.16686048101211D+01   0.18630084200837D+01   0.21261409468228D+01
 
  440.0000000   0.11986233880763D+01   0.12541770734482D+01   0.13255715000032D+01   0.14160162544275D+01   0.15310585327807D+01   0.16793302173774D+01   0.18745139563217D+01   0.21385076220746D+01
 
  440.0000000   0.12069370452465D+01   0.12628504013561D+01   0.13346836735137D+01   0.14256446445728D+01   0.15412859435856D+01   0.16902476067061D+01   0.18862216303063D+01   0.21510857217756D+01
 
  440.0000000   0.12154495184321D+01   0.12717304556917D+01   0.13440122672388D+01   0.14355010507812D+01   0.15517550262092D+01   0.17014225501623D+01   0.18982051181511D+01   0.21639592721335D+01
 
  440.0000000   0.12242188796303D+01   0.12808788007793D+01   0.13536231131588D+01   0.14456568575990D+01   0.15625442776972D+01   0.17129424682741D+01   0.19105628410334D+01   0.21772406088654D+01
 
  440.0000000   0.12333281025575D+01   0.12903834861542D+01   0.13636105231065D+01   0.14562144418629D+01   0.15737663533526D+01   0.17249329542804D+01   0.19234365499193D+01   0.21910921808373D+01
 
  440.0000000   0.12429029473137D+01   0.13003781046598D+01   0.13741179883851D+01   0.14673297885349D+01   0.15855929167862D+01   0.17375853228358D+01   0.19370423089186D+01   0.22057619836788D+01
 
  440.0000000   0.12531418625282D+01   0.13110736338356D+01   0.13853727232091D+01   0.14792505605522D+01   0.15982970388188D+01   0.17512039733105D+01   0.19517230427644D+01   0.22216419556168D+01
 
  440.0000000   0.12652082553739D+01   0.13237160042460D+01   0.13987285744524D+01   0.14934654757208D+01   0.16135382750690D+01   0.17676708049205D+01   0.19696598981377D+01   0.22413227197663D+01
 
  440.0000000   0.17760268759099D+01   0.18351765862605D+01   0.19109793955322D+01   0.20066597745640D+01   0.21278468121568D+01   0.22832862421180D+01   0.24867954171049D+01   0.27601467998793D+01
 
  440.0000000   0.22803857264663D+01   0.23400485243567D+01   0.24164584042330D+01   0.25128370711016D+01   0.26348004924529D+01   0.27910583839402D+01   0.29953414319179D+01   0.32691505520452D+01
 
  440.0000000   0.22796253702178D+01   0.23396110479823D+01   0.24163730313845D+01   0.25131308003395D+01   0.26354591520839D+01   0.27919776728501D+01   0.29962344034127D+01   0.32692811071135D+01
 
  440.0000000   0.22766259818932D+01   0.23367800733105D+01   0.24136933104642D+01   0.25105876725839D+01   0.26329757572764D+01   0.27893442009764D+01   0.29929823386992D+01   0.32643858709080D+01
 
  440.0000000   0.22720538053403D+01   0.23322668054651D+01   0.24091907536244D+01   0.25060518967109D+01   0.26282835086058D+01   0.27842047015497D+01   0.29867843910325D+01   0.32558767290233D+01
 
  440.0000000   0.22662321898485D+01   0.23264142765186D+01   0.24032319752537D+01   0.24999179501894D+01   0.26218120576143D+01   0.27770373046101D+01   0.29781912057817D+01   0.32444082089918D+01
 
  440.0000000   0.22592964540844D+01   0.23193631794268D+01   0.23959607174517D+01   0.24923359812060D+01   0.26137226397713D+01   0.27680192208133D+01   0.29674002020053D+01   0.32301999222110D+01
 
  440.0000000   0.22512652612927D+01   0.23111311894782D+01   0.23873952524485D+01   0.24833218268817D+01   0.26040245773055D+01   0.27571492940295D+01   0.29543971626877D+01   0.32132212738166D+01
 
  440.0000000   0.22420436007750D+01   0.23016181651596D+01   0.23774398205021D+01   0.24727718438838D+01   0.25925906927376D+01   0.27442644124385D+01   0.29389813137064D+01   0.31932382412633D+01
 
  440.0000000   0.22312481436167D+01   0.22904200859151D+01   0.23656737893623D+01   0.24602351603394D+01   0.25789234772750D+01   0.27288067575019D+01   0.29205298439576D+01   0.31695670672813D+01
 
  440.0000000   0.22184158056674D+01   0.22771292141183D+01   0.23517744209404D+01   0.24454828427212D+01   0.25628820407582D+01   0.27106945717262D+01   0.28989502057778D+01   0.31419297969598D+01
 
  440.0000000   0.22065078063871D+01   0.22644746722378D+01   0.23381273759130D+01   0.24304332335046D+01   0.25457177767585D+01   0.26901711344412D+01   0.28728855821119D+01   0.31062953912985D+01
 
  440.0000000   0.21971748299586D+01   0.22540351595359D+01   0.23261080715621D+01   0.24162381656340D+01   0.25283767348281D+01   0.26680392177328D+01   0.28431386874709D+01   0.30636990767094D+01
 
  440.0000000   0.21866345944394D+01   0.22424801869361D+01   0.23129731027364D+01   0.24009747087412D+01   0.25101502734730D+01   0.26454771936274D+01   0.28139391631211D+01   0.30234781485444D+01
 
  440.0000000   0.21725273985533D+01   0.22273290553625D+01   0.22961940045447D+01   0.23820364619640D+01   0.24882983444561D+01   0.26195389547168D+01   0.27820382034661D+01   0.29820920296676D+01
 
  440.0000000   0.21551556853455D+01   0.22085988476788D+01   0.22754580126965D+01   0.23586373000164D+01   0.24613277626097D+01   0.25876520371177D+01   0.27431772620267D+01   0.29325780121947D+01
 
  440.0000000   0.21349789053098D+01   0.21867933885689D+01   0.22513073387228D+01   0.23313546192833D+01   0.24298438213658D+01   0.25504356935890D+01   0.26979668254589D+01   0.28754246398936D+01
 
  440.0000000   0.21119150181841D+01   0.21617948232695D+01   0.22235675769697D+01   0.22999410281141D+01   0.23935088119826D+01   0.25074439042014D+01   0.26458365175939D+01   0.28099278757295D+01
 
  440.0000000   0.20854670123240D+01   0.21330483339138D+01   0.21916081108051D+01   0.22636643284479D+01   0.23514609634192D+01   0.24576594452704D+01   0.25855972239202D+01   0.27347328567605D+01
 
  440.0000000   0.20549009679869D+01   0.20997450113796D+01   0.21545263208258D+01   0.22214953373131D+01   0.23025091297219D+01   0.23996983846469D+01   0.25156569132003D+01   0.26480610728303D+01
 
  440.0000000   0.20192019341391D+01   0.20607720130557D+01   0.21110903245893D+01   0.21720448681195D+01   0.22450649418856D+01   0.23317350017114D+01   0.24339288468064D+01   0.25475985598949D+01
 
  440.0000000   0.19770196643776D+01   0.20146463873651D+01   0.20596529575308D+01   0.21134558292176D+01   0.21770121897748D+01   0.22513479234756D+01   0.23376537628843D+01   0.24302953012353D+01
 
  440.0000000   0.19269899336909D+01   0.19598169835272D+01   0.19984221696375D+01   0.20436346910865D+01   0.20958875080350D+01   0.21556281866348D+01   0.22233957061598D+01   0.22921979472859D+01
 
  440.0000000   0.18730549517953D+01   0.19005755353894D+01   0.19321593471309D+01   0.19680434427207D+01   0.20081038747227D+01   0.20521541536753D+01   0.20999969537564D+01   0.21436231313005D+01
 
  440.0000000   0.18193762360353D+01   0.18430524777816D+01   0.18695825730686D+01   0.18988175728871D+01   0.19302136551240D+01   0.19630610882258D+01   0.19964932465164D+01   0.20220702411389D+01
 
  440.0000000   0.17770146692845D+01   0.17987391246383D+01   0.18227580605220D+01   0.18487269158278D+01   0.18758938786906D+01   0.19032815434354D+01   0.19296634859576D+01   0.19466548913566D+01
 
  440.0000000   0.17431784856541D+01   0.17632714192644D+01   0.17852533487126D+01   0.18086382946036D+01   0.18325500583017D+01   0.18558612543405D+01   0.18771529558400D+01   0.18882249091628D+01
 
  440.0000000   0.17039495727472D+01   0.17222379208067D+01   0.17419876241554D+01   0.17625977852772D+01   0.17830876539634D+01   0.18022025971407D+01   0.18183604349603D+01   0.18236000224465D+01
 
  440.0000000   0.16591277110050D+01   0.16754077324329D+01   0.16926944075259D+01   0.17102878593787D+01   0.17271173170003D+01   0.17418185748134D+01   0.17526695322597D+01   0.17520108646152D+01
 
  440.0000000   0.16063939799219D+01   0.16203436348256D+01   0.16347963709394D+01   0.16489736703002D+01   0.16617292910729D+01   0.16716042559030D+01   0.16767527271103D+01   0.16699013800257D+01
 
  440.0000000   0.15775983664250D+01   0.15902803916519D+01   0.16031972264734D+01   0.16155383095169D+01   0.16261235279013D+01   0.16334493994996D+01   0.16356100160430D+01   0.16255496147646D+01
