 #  SCIATRAN 2.2 (DOM, spherical mode)
 #  Height resolved air mass factors for no2
 #  Spectral range:  440.000 -  440.000
 #  The number of spectral points:    1
 #  The number of altitude levels:  51
    10.000     9.800     9.600     9.400     9.200     9.000     8.800     8.600     8.400     8.200     8.000     7.800     7.600     7.400     7.200     7.000     6.800     6.600     6.400     6.200     6.000     5.800     5.600     5.400     5.200     5.000     4.800     4.600     4.400     4.200     4.000     3.800     3.600     3.400     3.200     3.000     2.800     2.600     2.400     2.200     2.000     1.800     1.600     1.400     1.200     1.000     0.800     0.600     0.400     0.200     0.000
 
  440.0000000   0.10652078945262D+01   0.11134212130456D+01   0.11755783375005D+01   0.12550485558992D+01   0.13569051461810D+01   0.14886519330301D+01   0.16615917394969D+01   0.18959234539019D+01
 
  440.0000000   0.10698097083599D+01   0.11182632546281D+01   0.11807134179378D+01   0.12605321963195D+01   0.13627986088816D+01   0.14950242796156D+01   0.16685218413663D+01   0.19035027533698D+01
 
  440.0000000   0.10787441751616D+01   0.11276595630621D+01   0.11906726824649D+01   0.12711599946944D+01   0.13742108747743D+01   0.15073509932888D+01   0.16819103478490D+01   0.19181206010157D+01
 
  440.0000000   0.10872198101718D+01   0.11365648038298D+01   0.12001008029536D+01   0.12812069932290D+01   0.13849810923218D+01   0.15189600515975D+01   0.16944872155022D+01   0.19318055209928D+01
 
  440.0000000   0.10953789652986D+01   0.11451302511142D+01   0.12091600752630D+01   0.12908489151277D+01   0.13953012438467D+01   0.15300631314229D+01   0.17064881306636D+01   0.19448232041102D+01
 
  440.0000000   0.11033336232902D+01   0.11534748773427D+01   0.12179781046444D+01   0.13002238706275D+01   0.14053221462647D+01   0.15408264287976D+01   0.17180980300154D+01   0.19573819769625D+01
 
  440.0000000   0.11111716491839D+01   0.11616920196867D+01   0.12266549885466D+01   0.13094401774028D+01   0.14151620551589D+01   0.15513802273642D+01   0.17294618652292D+01   0.19696451021475D+01
 
  440.0000000   0.11189631477227D+01   0.11698561218950D+01   0.12352705308647D+01   0.13185841472453D+01   0.14249151390921D+01   0.15618281956839D+01   0.17406948859371D+01   0.19817422647702D+01
 
  440.0000000   0.11267659495664D+01   0.11780285468221D+01   0.12438904548937D+01   0.13277267822983D+01   0.14346587538068D+01   0.15722553500269D+01   0.17518914231063D+01   0.19937793490681D+01
 
  440.0000000   0.11346294836553D+01   0.11862617068664D+01   0.12525708557208D+01   0.13369286246987D+01   0.14444587806728D+01   0.15827339969698D+01   0.17631315875033D+01   0.20058461151722D+01
 
  440.0000000   0.11425974135141D+01   0.11946018667046D+01   0.12613611815013D+01   0.13462429787381D+01   0.14543731672703D+01   0.15933276767202D+01   0.17744857003757D+01   0.20180212247001D+01
 
  440.0000000   0.11507113281360D+01   0.12030930651464D+01   0.12703083960649D+01   0.13557204136286D+01   0.14644568984161D+01   0.16040967462041D+01   0.17860206406733D+01   0.20303795561556D+01
 
  440.0000000   0.11590159389587D+01   0.12117826445826D+01   0.12794630227800D+01   0.13654153296853D+01   0.14747690730834D+01   0.16151059872996D+01   0.17978080894629D+01   0.20430012513434D+01
 
  440.0000000   0.11675656065751D+01   0.12207281813575D+01   0.12888866626961D+01   0.13753940972416D+01   0.14853816837262D+01   0.16264340803777D+01   0.18099348344372D+01   0.20559830496461D+01
 
  440.0000000   0.11764324869601D+01   0.12300060912166D+01   0.12986610316354D+01   0.13857447357965D+01   0.14963902093307D+01   0.16381853990376D+01   0.18225160336833D+01   0.20694533343941D+01
 
  440.0000000   0.11857184090376D+01   0.12397242063655D+01   0.13089013515564D+01   0.13965913207219D+01   0.15079292793739D+01   0.16505072114217D+01   0.18357142785878D+01   0.20835934589900D+01
 
  440.0000000   0.11955753285964D+01   0.12500434727736D+01   0.13197796354720D+01   0.14081191246671D+01   0.15201999768964D+01   0.16636195430983D+01   0.18497725792487D+01   0.20986746067299D+01
 
  440.0000000   0.12062400438116D+01   0.12612147168832D+01   0.13315639768210D+01   0.14206169230585D+01   0.15335157330549D+01   0.16778653643297D+01   0.18650697535128D+01   0.21151195402259D+01
 
  440.0000000   0.12180930772574D+01   0.12736410027398D+01   0.13446851806022D+01   0.14345487328128D+01   0.15483801412430D+01   0.16937956699057D+01   0.18822143135441D+01   0.21336072545177D+01
 
  440.0000000   0.12317595705520D+01   0.12879844890001D+01   0.13598509560370D+01   0.14506767722467D+01   0.15656203489913D+01   0.17123153559903D+01   0.19022054952061D+01   0.21552525572421D+01
 
  440.0000000   0.17431450346009D+01   0.18000678202749D+01   0.18727700766214D+01   0.19645510761435D+01   0.20805643976769D+01   0.22284393163952D+01   0.24196089722653D+01   0.26739351641861D+01
 
  440.0000000   0.22462331468968D+01   0.23036811515655D+01   0.23769826649972D+01   0.24693901702505D+01   0.25860149478884D+01   0.27344251076826D+01   0.29259520306498D+01   0.31801525649648D+01
 
  440.0000000   0.22428665454732D+01   0.23006231238140D+01   0.23742449425435D+01   0.24669219012323D+01   0.25836987211659D+01   0.27320449094708D+01   0.29231303423934D+01   0.31760849341589D+01
 
  440.0000000   0.22367430198261D+01   0.22946553580049D+01   0.23684089106274D+01   0.24611292136826D+01   0.25777877884650D+01   0.27257445130917D+01   0.29159903845608D+01   0.31672038115706D+01
 
  440.0000000   0.22283697498704D+01   0.22863172245813D+01   0.23600537895837D+01   0.24526400171628D+01   0.25689692901213D+01   0.27162832941861D+01   0.29053804306574D+01   0.31544691716981D+01
 
  440.0000000   0.22180124342669D+01   0.22758923458656D+01   0.23494855308275D+01   0.24417882086406D+01   0.25576119024746D+01   0.27040731182280D+01   0.28917661391494D+01   0.31384155193221D+01
 
  440.0000000   0.22057458187556D+01   0.22634625464753D+01   0.23367950351668D+01   0.24286773310834D+01   0.25438363692859D+01   0.26892574779704D+01   0.28753204132109D+01   0.31192555208205D+01
 
  440.0000000   0.21914570763142D+01   0.22489120485473D+01   0.23218632802486D+01   0.24131875604606D+01   0.25275255081446D+01   0.26717256977921D+01   0.28559427569295D+01   0.30969060194412D+01
 
  440.0000000   0.21747922250496D+01   0.22318717078474D+01   0.23043027919943D+01   0.23949159766048D+01   0.25082648798224D+01   0.26510544854937D+01   0.28331995489581D+01   0.30709245220054D+01
 
  440.0000000   0.21550096389382D+01   0.22115683525622D+01   0.22833101683759D+01   0.23730312424045D+01   0.24851958963793D+01   0.26263532033216D+01   0.28061514875257D+01   0.30403169462225D+01
 
  440.0000000   0.21246176382022D+01   0.21804368079091D+01   0.22512145715949D+01   0.23397009598622D+01   0.24502531348322D+01   0.25892348357464D+01   0.27659775744043D+01   0.29955636085710D+01
 
  440.0000000   0.20961216549477D+01   0.21510870437211D+01   0.22207015568143D+01   0.23076690871244D+01   0.24161974537131D+01   0.25523829807779D+01   0.27250890551672D+01   0.29483065713929D+01
 
  440.0000000   0.20829488458309D+01   0.21372973765186D+01   0.22059743446786D+01   0.22916629802936D+01   0.23983841754840D+01   0.25318829170205D+01   0.27003995868306D+01   0.29164799470816D+01
 
  440.0000000   0.20664084448367D+01   0.21204347131445D+01   0.21885379015838D+01   0.22733464512144D+01   0.23787067621025D+01   0.25100641457159D+01   0.26751562590718D+01   0.28852974000392D+01
 
  440.0000000   0.20456137229334D+01   0.20992952009203D+01   0.21668478412467D+01   0.22507864625510D+01   0.23548236660470D+01   0.24842201681240D+01   0.26464422570084D+01   0.28520307195756D+01
 
  440.0000000   0.20261743503282D+01   0.20793047867812D+01   0.21460883564597D+01   0.22289303865587D+01   0.23314266551329D+01   0.24586812230655D+01   0.26179339017516D+01   0.28191389374014D+01
 
  440.0000000   0.20022291292001D+01   0.20546114681524D+01   0.21203938834515D+01   0.22019093724940D+01   0.23026370282294D+01   0.24275024008041D+01   0.25834665211421D+01   0.27798974962724D+01
 
  440.0000000   0.19739457533297D+01   0.20253905913782D+01   0.20899454262751D+01   0.21698998403955D+01   0.22686141702105D+01   0.23908144798092D+01   0.25431357043618D+01   0.27343421166376D+01
 
  440.0000000   0.19409420081649D+01   0.19912341999739D+01   0.20542999839615D+01   0.21324040551913D+01   0.22287771327740D+01   0.23479133955245D+01   0.24960578656026D+01   0.26812987813178D+01
 
  440.0000000   0.19027284963704D+01   0.19515841405716D+01   0.20127947942576D+01   0.20886179922662D+01   0.21821236217128D+01   0.22975044354626D+01   0.24404893478071D+01   0.26182706668273D+01
 
  440.0000000   0.18591251813494D+01   0.19060849274814D+01   0.19647984679420D+01   0.20375565006012D+01   0.21271849594310D+01   0.22373993505938D+01   0.23731017316901D+01   0.25399961459183D+01
 
  440.0000000   0.18087357984314D+01   0.18527148592848D+01   0.19073893824254D+01   0.19750548293514D+01   0.20580675082990D+01   0.21592702251952D+01   0.22820939578323D+01   0.24293636650273D+01
 
  440.0000000   0.17361787165997D+01   0.17733256097629D+01   0.18186651808627D+01   0.18739092673036D+01   0.19404065214308D+01   0.20195285369658D+01   0.21125579689422D+01   0.22172155224185D+01
 
  440.0000000   0.16075019163950D+01   0.16310086673396D+01   0.16581489307925D+01   0.16892456550213D+01   0.17241177084643D+01   0.17623025417649D+01   0.18029121566002D+01   0.18389282937159D+01
 
  440.0000000   0.14211824897728D+01   0.14337518508345D+01   0.14465214715996D+01   0.14587985200045D+01   0.14693393146353D+01   0.14764725316659D+01   0.14780089130822D+01   0.14657738027264D+01
 
  440.0000000   0.13043534769606D+01   0.13141020585468D+01   0.13232352087618D+01   0.13308324487938D+01   0.13353905627164D+01   0.13349209211220D+01   0.13268513311028D+01   0.13035831495312D+01
 
  440.0000000   0.12733204178710D+01   0.12818316953515D+01   0.12894573481466D+01   0.12952016034401D+01   0.12975041533309D+01   0.12943154865682D+01   0.12829979675029D+01   0.12563376220645D+01
 
  440.0000000   0.12362566302890D+01   0.12433711228652D+01   0.12493190372792D+01   0.12530492847339D+01   0.12529722678605D+01   0.12470180740296D+01   0.12325437666723D+01   0.12027798903604D+01
 
  440.0000000   0.11933113256110D+01   0.11988539093659D+01   0.12029341895460D+01   0.12044603128034D+01   0.12018366621734D+01   0.11930075284739D+01   0.11753764357976D+01   0.11426851294925D+01
 
  440.0000000   0.11423854134980D+01   0.11460890859984D+01   0.11480055770568D+01   0.11470191172644D+01   0.11415566258391D+01   0.11296198497708D+01   0.11087242360795D+01   0.10732164162912D+01
 
  440.0000000   0.11145004037914D+01   0.11172004300067D+01   0.11179408824604D+01   0.11155989224719D+01   0.11086212305144D+01   0.10950512962698D+01   0.10724803912076D+01   0.10355860379749D+01
