 #  SCIATRAN 2.2 (DOM, spherical mode)
 #  Height resolved air mass factors for no2
 #  Spectral range:  440.000 -  440.000
 #  The number of spectral points:    1
 #  The number of altitude levels:  44
    10.000     9.800     9.600     9.400     9.200     9.000     8.800     8.600     8.400     8.200     8.000     7.800     7.600     7.400     7.200     7.000     6.800     6.600     6.400     6.200     6.000     5.800     5.600     5.400     5.200     5.000     4.800     4.600     4.400     4.200     4.000     3.800     3.600     3.400     3.200     3.000     2.800     2.600     2.400     2.200     2.000     1.800     1.600     1.400
 
  440.0000000   0.11073601013202D+01   0.11588235394141D+01   0.12252193409719D+01   0.13096307087694D+01   0.14175845506384D+01   0.15579297466139D+01   0.17452091452230D+01   0.20019332542495D+01
 
  440.0000000   0.11118829122749D+01   0.11635863921319D+01   0.12302789803746D+01   0.13150490469189D+01   0.14234338688478D+01   0.15642979517135D+01   0.17522073730608D+01   0.20096946999205D+01
 
  440.0000000   0.11206389255989D+01   0.11728018057567D+01   0.12400620145256D+01   0.13255170375492D+01   0.14347232672646D+01   0.15765740412064D+01   0.17656780872092D+01   0.20246055438491D+01
 
  440.0000000   0.11288961543296D+01   0.11814823033507D+01   0.12492647760805D+01   0.13353479790324D+01   0.14453045295615D+01   0.15880522952885D+01   0.17782358806698D+01   0.20384512101841D+01
 
  440.0000000   0.11367981999663D+01   0.11897808167128D+01   0.12580518730338D+01   0.13447209352017D+01   0.14553745836933D+01   0.15989518561398D+01   0.17901279332601D+01   0.20515150551079D+01
 
  440.0000000   0.11444571422716D+01   0.11978166624762D+01   0.12665516239651D+01   0.13537754169365D+01   0.14650868231001D+01   0.16094434062491D+01   0.18015467225278D+01   0.20640176144549D+01
 
  440.0000000   0.11519598877635D+01   0.12056823397051D+01   0.12748634510718D+01   0.13626194792242D+01   0.14745600469754D+01   0.16196591647363D+01   0.18126414253020D+01   0.20761299214997D+01
 
  440.0000000   0.11593744048307D+01   0.12134501943104D+01   0.12830651975426D+01   0.13713377493512D+01   0.14838872450063D+01   0.16297025143541D+01   0.18235285681516D+01   0.20879854759810D+01
 
  440.0000000   0.11667551080091D+01   0.12211781112245D+01   0.12912191298867D+01   0.13799978669136D+01   0.14931426433361D+01   0.16396558456965D+01   0.18343008768551D+01   0.20996903429674D+01
 
  440.0000000   0.11741465614547D+01   0.12289134565673D+01   0.12993761214931D+01   0.13886550321805D+01   0.15023867785216D+01   0.16495863352058D+01   0.18450339405519D+01   0.21113309529978D+01
 
  440.0000000   0.11815856865892D+01   0.12366954558335D+01   0.13075782820799D+01   0.13973549248246D+01   0.15116697419107D+01   0.16595495624121D+01   0.18557902723234D+01   0.21229787274061D+01
 
  440.0000000   0.11891047443939D+01   0.12445583932717D+01   0.13158624330466D+01   0.14061375220669D+01   0.15210354300958D+01   0.16695943220089D+01   0.18666248805460D+01   0.21346966988614D+01
 
  440.0000000   0.11967353187039D+01   0.12525358304016D+01   0.13242646167444D+01   0.14150419652040D+01   0.15305268488329D+01   0.16797684644884D+01   0.18775917736563D+01   0.21465468425791D+01
 
  440.0000000   0.12045127827334D+01   0.12606653379597D+01   0.13328251593012D+01   0.14241120299039D+01   0.15401920829424D+01   0.16901254799376D+01   0.18887513046781D+01   0.21585983710802D+01
 
  440.0000000   0.12124809949256D+01   0.12689935176414D+01   0.13415941062689D+01   0.14334020884085D+01   0.15500909285543D+01   0.17007319888577D+01   0.19001787795055D+01   0.21709378386821D+01
 
  440.0000000   0.12206985550981D+01   0.12775826755586D+01   0.13506384168827D+01   0.14429849681908D+01   0.15603035960552D+01   0.17116775164379D+01   0.19119755977006D+01   0.21836820607835D+01
 
  440.0000000   0.12292498299111D+01   0.12865225762229D+01   0.13600546433469D+01   0.14529658383686D+01   0.15709461357719D+01   0.17230918323900D+01   0.19242889188377D+01   0.21970007103702D+01
 
  440.0000000   0.12382633713461D+01   0.12959500656452D+01   0.13699901144863D+01   0.14635053729475D+01   0.15821960741120D+01   0.17351736434186D+01   0.19373441100684D+01   0.22111535202727D+01
 
  440.0000000   0.12479426851824D+01   0.13060818441107D+01   0.13806782726731D+01   0.14748584117445D+01   0.15943352860676D+01   0.17482386748474D+01   0.19514991284206D+01   0.22265524070316D+01
 
  440.0000000   0.12593898232110D+01   0.13181006466373D+01   0.13934078836562D+01   0.14884463956369D+01   0.16089538027116D+01   0.17640978566502D+01   0.19688655899782D+01   0.22457251304065D+01
 
  440.0000000   0.17686380782379D+01   0.18279429454614D+01   0.19039818573886D+01   0.19998903980857D+01   0.21214215792697D+01   0.22777637535679D+01   0.24839240829424D+01   0.27623100607422D+01
 
  440.0000000   0.22696147842338D+01   0.23292918295580D+01   0.24057581735334D+01   0.25021336247078D+01   0.26241437819848D+01   0.27809205473206D+01   0.29873513036714D+01   0.32655087523052D+01
 
  440.0000000   0.22644294880613D+01   0.23242269699438D+01   0.24007857781740D+01   0.24972037459046D+01   0.26191425285355D+01   0.27756101962719D+01   0.29812554965900D+01   0.32576081643536D+01
 
  440.0000000   0.22567761884032D+01   0.23165194854092D+01   0.23929437624935D+01   0.24891262496036D+01   0.26106409861325D+01   0.27663256770481D+01   0.29705077411600D+01   0.32440590205525D+01
 
  440.0000000   0.22473378115042D+01   0.23069000467379D+01   0.23830263634198D+01   0.24787727017775D+01   0.25996064903391D+01   0.27541580277248D+01   0.29563673727857D+01   0.32263576052259D+01
 
  440.0000000   0.22364500785142D+01   0.22957256088549D+01   0.23714160804088D+01   0.24665563572131D+01   0.25864915026816D+01   0.27396135683214D+01   0.29394203493347D+01   0.32052045069426D+01
 
  440.0000000   0.22242667284353D+01   0.22831560865491D+01   0.23582751702666D+01   0.24526460331928D+01   0.25714776972795D+01   0.27228938762006D+01   0.29198951185755D+01   0.31808599202386D+01
 
  440.0000000   0.22108410986803D+01   0.22692451037892D+01   0.23436576494393D+01   0.24370938759579D+01   0.25546126906589D+01   0.27040399544096D+01   0.28978259257753D+01   0.31533495426108D+01
 
  440.0000000   0.21961686387737D+01   0.22539866365950D+01   0.23275644391192D+01   0.24198972267913D+01   0.25358766206621D+01   0.26830038612675D+01   0.28731354006771D+01   0.31225705206499D+01
 
  440.0000000   0.21802170592626D+01   0.22373431508804D+01   0.23099569634804D+01   0.24010060766612D+01   0.25151951583585D+01   0.26596763225917D+01   0.28456767518537D+01   0.30883401310683D+01
 
  440.0000000   0.21629401476827D+01   0.22192576948301D+01   0.22907599927872D+01   0.23803231506879D+01   0.24924447564608D+01   0.26339014359772D+01   0.28152525043414D+01   0.30504043450948D+01
 
  440.0000000   0.21442788728961D+01   0.21996563963097D+01   0.22698707780974D+01   0.23577160140493D+01   0.24674629745555D+01   0.26054823216294D+01   0.27816178505781D+01   0.30084451307774D+01
 
  440.0000000   0.21241492400341D+01   0.21784375351657D+01   0.22471554092910D+01   0.23330156256902D+01   0.24400429743945D+01   0.25741681346749D+01   0.27444643826408D+01   0.29620724996135D+01
 
  440.0000000   0.21024279130559D+01   0.21554571201172D+01   0.22224368023004D+01   0.23060047615531D+01   0.24099198098967D+01   0.25396364725764D+01   0.27033993163113D+01   0.29108044494293D+01
 
  440.0000000   0.20789419455765D+01   0.21305175886508D+01   0.21954819981537D+01   0.22764006724627D+01   0.23767460360853D+01   0.25014630098001D+01   0.26579176885190D+01   0.28540526659237D+01
 
  440.0000000   0.20534571181638D+01   0.21033548299941D+01   0.21659862177645D+01   0.22438336447393D+01   0.23400635161488D+01   0.24590887888906D+01   0.26073744864367D+01   0.27911111110773D+01
 
  440.0000000   0.20256643496561D+01   0.20736231158633D+01   0.21335579410502D+01   0.22078441021754D+01   0.22993202812665D+01   0.24118494405026D+01   0.25509869616446D+01   0.27210860926255D+01
 
  440.0000000   0.19951454312118D+01   0.20408575803288D+01   0.20976771176083D+01   0.21678419139299D+01   0.22538346686384D+01   0.23589407891207D+01   0.24877831587772D+01   0.26428062083169D+01
 
  440.0000000   0.19613203580194D+01   0.20044174869828D+01   0.20576296472378D+01   0.21230165986183D+01   0.22026715347793D+01   0.22992706994199D+01   0.24164793285922D+01   0.25547867775957D+01
 
  440.0000000   0.19233678567340D+01   0.19634006488748D+01   0.20124156160467D+01   0.20722360960534D+01   0.21445282311564D+01   0.22313304466612D+01   0.23353384760257D+01   0.24550830770446D+01
 
  440.0000000   0.18800518579553D+01   0.19164549070506D+01   0.19605436053648D+01   0.20138264395275D+01   0.20774992376614D+01   0.21529347907890D+01   0.22418576457507D+01   0.23408968384685D+01
 
  440.0000000   0.18292551565787D+01   0.18612697045286D+01   0.18994671159279D+01   0.19449403409586D+01   0.19983632171201D+01   0.20604125520361D+01   0.21318456422666D+01   0.22075312007021D+01
 
  440.0000000   0.17648011296544D+01   0.17910993453302D+01   0.18217274423556D+01   0.18572285273022D+01   0.18976691344906D+01   0.19429575167993D+01   0.19928302752174D+01   0.20406650972540D+01
 
  440.0000000   0.17279569024449D+01   0.17509536798458D+01   0.17772374415920D+01   0.18070373108941D+01   0.18400877213277D+01   0.18758845704153D+01   0.19136261122690D+01   0.19460314772686D+01
