60.60 9.0000e-06
58.60 9.0000e-06
56.50 1.5000e-05
54.40 2.8000e-05
52.20 5.2000e-05
50.00 1.0340e-05
47.70 2.1150e-04
45.50 4.4240e-04
43.30 9.1800e-04
41.10 1.7930e-03
39.00 3.1200e-03
36.90 4.5620e-03
34.80 5.5540e-03
32.80 5.7670e-03
30.90 5.1500e-03
29.00 4.0140e-03
27.10 2.7200e-03
25.20 1.7090e-03
23.40 1.0170e-03
21.50 5.5400e-04
19.70 1.9260e-04
17.90 5.2600e-05
16.10 2.7100e-05
14.40 1.8000e-05
12.50 1.2190e-05
10.70 1.0000e-10
10.0 6.49784e-12
9.9 7.06253e-12
9.8 7.67629e-12
9.7 8.34339e-12
9.6 9.06847e-12
9.5 9.85655e-12
9.4 1.07131e-11
9.3 1.16441e-11
9.2 1.26561e-11
9.1 1.37559e-11
9.0 1.49514e-11
8.9 1.62507e-11
8.8 1.76630e-11
8.7 1.91979e-11
8.6 2.08663e-11
8.5 2.26797e-11
8.4 2.46506e-11
8.3 2.67929e-11
8.2 2.91213e-11
8.1 3.16521e-11
8.0 3.44028e-11
7.9 3.73925e-11
7.8 4.06420e-11
7.7 4.41740e-11
7.6 4.80129e-11
7.5 5.21854e-11
7.4 5.67205e-11
7.3 6.16498e-11
7.2 6.70074e-11
7.1 7.28306e-11
7.0 7.91599e-11
6.9 8.60392e-11
6.8 9.35164e-11
6.7 1.01643e-10
6.6 1.10477e-10
6.5 1.20077e-10
6.4 1.30513e-10
6.3 1.41855e-10
6.2 1.54182e-10
6.1 1.67582e-10
6.0 1.82145e-10
5.9 1.97974e-10
5.8 2.15179e-10
5.7 2.33879e-10
5.6 2.54204e-10
5.5 2.76295e-10
5.4 3.00306e-10
5.3 3.26404e-10
5.2 3.54770e-10
5.1 3.85601e-10
5.0 4.19111e-10
4.9 4.55534e-10
4.8 4.95122e-10
4.7 5.38150e-10
4.6 5.84917e-10
4.5 6.35749e-10
4.4 6.90998e-10
4.3 7.51048e-10
4.2 8.16317e-10
4.1 8.87259e-10
4.0 9.64365e-10
3.9 1.04817e-09
3.8 1.13926e-09
3.7 1.23827e-09
3.6 1.34588e-09
3.5 1.46284e-09
3.4 1.58997e-09
3.3 1.72814e-09
3.2 1.87833e-09
3.1 2.04156e-09
3.0 2.21898e-09
2.9 2.41182e-09
2.8 2.62142e-09
2.7 2.84923e-09
2.6 3.09684e-09
2.5 3.36596e-09
2.4 3.65848e-09
2.3 3.97642e-09
2.2 4.32198e-09
2.1 4.69758e-09
2.0 5.10582e-09
1.9 5.54954e-09
1.8 6.03181e-09
1.7 6.55600e-09
1.6 7.12575e-09
1.5 7.74500e-09
1.4 8.41808e-09
