>
0 1400.00
17.06 1400.00
17.06 1600.00
0 1600.00
>
0 1600.00
14.16 1600.00
14.16 1800.00
0 1800.00
>
0 1800.00
11.75 1800.00
11.75 2000.00
0 2000.00
>
0 2000.00
9.75 2000.00
9.75 2200.00
0 2200.00
>
0 2200.00
8.08 2200.00
8.08 2400.00
0 2400.00
>
0 2400.00
6.71 2400.00
6.71 2600.00
0 2600.00
>
0 2600.00
5.56 2600.00
5.56 2800.00
0 2800.00
>
0 2800.00
4.61 2800.00
4.61 3000.00
0 3000.00
>
0 3000.00
3.82 3000.00
3.82 3200.00
0 3200.00
>
0 3200.00
3.17 3200.00
3.17 3400.00
0 3400.00
>
0 3400.00
2.63 3400.00
2.63 3600.00
0 3600.00
>
0 3600.00
2.18 3600.00
2.18 3800.00
0 3800.00
>
0 3800.00
1.81 3800.00
1.81 4000.00
0 4000.00
>
0 4000.00
1.50 4000.00
1.50 4200.00
0 4200.00
>
0 4200.00
1.24 4200.00
1.24 4400.00
0 4400.00
>
0 4400.00
1.03 4400.00
1.03 4600.00
0 4600.00
>
0 4600.00
0.85 4600.00
0.85 4800.00
0 4800.00
>
0 4800.00
0.71 4800.00
0.71 5000.00
0 5000.00
>
0 5000.00
0.58 5000.00
0.58 5200.00
0 5200.00
>
0 5200.00
0.48 5200.00
0.48 5400.00
0 5400.00
>
0 5400.00
0.40 5400.00
0.40 5600.00
0 5600.00
>
0 5600.00
0.33 5600.00
0.33 5800.00
0 5800.00
>
0 5800.00
0.27 5800.00
0.27 6000.00
0 6000.00
>
0 6000.00
0.23 6000.00
0.23 6200.00
0 6200.00
>
0 6200.00
0.19 6200.00
0.19 6400.00
0 6400.00
>
0 6400.00
0.16 6400.00
0.16 6600.00
0 6600.00
>
0 6600.00
0.13 6600.00
0.13 6800.00
0 6800.00
>
0 6800.00
0.11 6800.00
0.11 7000.00
0 7000.00
>
0 7000.00
0.09 7000.00
0.09 7200.00
0 7200.00
>
0 7200.00
0.07 7200.00
0.07 7400.00
0 7400.00
>
0 7400.00
0.06 7400.00
0.06 7600.00
0 7600.00
>
0 7600.00
0.05 7600.00
0.05 7800.00
0 7800.00
>
0 7800.00
0.04 7800.00
0.04 8000.00
0 8000.00
>
0 8000.00
0.03 8000.00
0.03 8200.00
0 8200.00
>
0 8200.00
0.03 8200.00
0.03 8400.00
0 8400.00
>
0 8400.00
0.02 8400.00
0.02 8600.00
0 8600.00
>
0 8600.00
0.02 8600.00
0.02 8800.00
0 8800.00
>
0 8800.00
0.02 8800.00
0.02 9000.00
0 9000.00
>
0 9000.00
0.01 9000.00
0.01 9200.00
0 9200.00
>
0 9200.00
0.01 9200.00
0.01 9400.00
0 9400.00
>
0 9400.00
0.01 9400.00
0.01 9600.00
0 9600.00
>
0 9600.00
0.01 9600.00
0.01 9800.00
0 9800.00
>
0 9800.00
0.01 9800.00
0.01 10000.00
0 10000.00
