60.60 9.0000e-06
58.60 9.0000e-06
56.50 1.5000e-05
54.40 2.8000e-05
52.20 5.2000e-05
50.00 1.0340e-05
47.70 2.1150e-04
45.50 4.4240e-04
43.30 9.1800e-04
41.10 1.7930e-03
39.00 3.1200e-03
36.90 4.5620e-03
34.80 5.5540e-03
32.80 5.7670e-03
30.90 5.1500e-03
29.00 4.0140e-03
27.10 2.7200e-03
25.20 1.7090e-03
23.40 1.0170e-03
21.50 5.5400e-04
19.70 1.9260e-04
17.90 5.2600e-05
16.10 2.7100e-05
14.40 1.8000e-05
12.50 1.2190e-05
10.70 1.0000e-10
10.0 2.60811e-13
9.9 2.95537e-13
9.8 3.34887e-13
9.7 3.79477e-13
9.6 4.30004e-13
9.5 4.87258e-13
9.4 5.52136e-13
9.3 6.25652e-13
9.2 7.08956e-13
9.1 8.03353e-13
9.0 9.10318e-13
8.9 1.03153e-12
8.8 1.16887e-12
8.7 1.32451e-12
8.6 1.50086e-12
8.5 1.70070e-12
8.4 1.92714e-12
8.3 2.18374e-12
8.2 2.47450e-12
8.1 2.80398e-12
8.0 3.17732e-12
7.9 3.60038e-12
7.8 4.07976e-12
7.7 4.62298e-12
7.6 5.23852e-12
7.5 5.93602e-12
7.4 6.72639e-12
7.3 7.62200e-12
7.2 8.63686e-12
7.1 9.78684e-12
7.0 1.10899e-11
6.9 1.25666e-11
6.8 1.42398e-11
6.7 1.61358e-11
6.6 1.82842e-11
6.5 2.07187e-11
6.4 2.34774e-11
6.3 2.66034e-11
6.2 3.01456e-11
6.1 3.41594e-11
6.0 3.87077e-11
5.9 4.38616e-11
5.8 4.97017e-11
5.7 5.63194e-11
5.6 6.38182e-11
5.5 7.23155e-11
5.4 8.19442e-11
5.3 9.28550e-11
5.2 1.05218e-10
5.1 1.19228e-10
5.0 1.35103e-10
4.9 1.53092e-10
4.8 1.73476e-10
4.7 1.96574e-10
4.6 2.22747e-10
4.5 2.52406e-10
4.4 2.86013e-10
4.3 3.24096e-10
4.2 3.67249e-10
4.1 4.16147e-10
4.0 4.71556e-10
3.9 5.34343e-10
3.8 1.97479e-09
3.7 2.05541e-09
3.6 2.14677e-09
3.5 8.80983e-10
3.4 9.98285e-10
3.3 1.13121e-09
3.2 1.28182e-09
3.1 1.45250e-09
3.0 1.64589e-09
2.9 1.86504e-09
2.8 2.11337e-09
2.7 2.39476e-09
2.6 2.71362e-09
2.5 3.07493e-09
2.4 3.48436e-09
2.3 3.94829e-09
2.2 4.47400e-09
2.1 5.06971e-09
2.0 5.74473e-09
1.9 6.50964e-09
1.8 7.37638e-09
1.7 8.35854e-09
1.6 9.47146e-09
1.5 1.07326e-08
1.4 1.21616e-08
