60.60 9.0000e-06
58.60 9.0000e-06
56.50 1.5000e-05
54.40 2.8000e-05
52.20 5.2000e-05
50.00 1.0340e-05
47.70 2.1150e-04
45.50 4.4240e-04
43.30 9.1800e-04
41.10 1.7930e-03
39.00 3.1200e-03
36.90 4.5620e-03
34.80 5.5540e-03
32.80 5.7670e-03
30.90 5.1500e-03
29.00 4.0140e-03
27.10 2.7200e-03
25.20 1.7090e-03
23.40 1.0170e-03
21.50 5.5400e-04
19.70 1.9260e-04
17.90 5.2600e-05
16.10 2.7100e-05
14.40 1.8000e-05
12.50 1.2190e-05
10.70 1.0000e-10
10.0 9.47855e-15
9.9 1.11976e-14
9.8 1.32284e-14
9.7 1.56275e-14
9.6 1.84617e-14
9.5 2.18099e-14
9.4 2.57654e-14
9.3 3.04382e-14
9.2 3.59585e-14
9.1 4.24799e-14
9.0 5.01841e-14
8.9 5.92855e-14
8.8 7.00376e-14
8.7 8.27396e-14
8.6 9.77453e-14
8.5 1.15472e-13
8.4 1.36415e-13
8.3 1.61155e-13
8.2 1.90382e-13
8.1 2.24910e-13
8.0 2.65699e-13
7.9 3.13887e-13
7.8 3.70813e-13
7.7 4.38064e-13
7.6 5.17511e-13
7.5 6.11368e-13
7.4 7.22245e-13
7.3 8.53232e-13
7.2 1.00797e-12
7.1 1.19078e-12
7.0 1.40674e-12
6.9 1.66187e-12
6.8 1.96327e-12
6.7 2.31933e-12
6.6 2.73996e-12
6.5 3.23688e-12
6.4 3.82392e-12
6.3 4.51743e-12
6.2 5.33671e-12
6.1 6.30458e-12
6.0 7.44798e-12
5.9 8.79875e-12
5.8 1.03945e-11
5.7 1.22796e-11
5.6 1.45067e-11
5.5 1.71376e-11
5.4 2.02457e-11
5.3 2.39175e-11
5.2 2.82552e-11
5.1 3.33795e-11
5.0 3.94333e-11
4.9 4.65849e-11
4.8 5.50335e-11
4.7 6.50145e-11
4.6 7.68055e-11
4.5 9.07350e-11
4.4 1.07191e-10
4.3 1.26631e-10
4.2 1.49597e-10
4.1 1.76728e-10
4.0 2.08779e-10
3.9 2.46643e-10
3.8 2.91375e-10
3.7 3.44218e-10
3.6 4.06646e-10
3.5 4.80395e-10
3.4 5.67520e-10
3.3 6.70446e-10
3.2 7.92038e-10
3.1 9.35683e-10
3.0 1.10538e-09
2.9 1.30585e-09
2.8 1.54268e-09
2.7 1.82246e-09
2.6 2.15298e-09
2.5 2.54345e-09
2.4 3.00473e-09
2.3 3.54967e-09
2.2 4.19344e-09
2.1 4.95396e-09
2.0 5.85241e-09
1.9 6.91381e-09
1.8 8.16770e-09
1.7 9.64900e-09
1.6 1.13989e-08
1.5 1.34663e-08
1.4 1.59085e-08
