0.00 7.62
200.00 7.48
400.00 7.33
600.00 7.19
800.00 7.05
1000.00 6.92
1200.00 6.78
1400.00 6.65
1600.00 6.52
1800.00 6.39
2000.00 6.26
2200.00 6.13
2400.00 6.01
2600.00 5.89
2800.00 5.77
3000.00 0.00
3200.00 0.00
3400.00 0.00
3600.00 0.00
3800.00 0.00
4000.00 0.00
4200.00 0.00
4400.00 0.00
4600.00 0.00
4800.00 0.00
5000.00 0.00
5200.00 0.00
5400.00 0.00
5600.00 0.00
5800.00 0.00
6000.00 0.00
6200.00 0.00
6400.00 0.00
6600.00 0.00
6800.00 0.00
7000.00 0.00
7200.00 0.00
7400.00 0.00
7600.00 0.00
7800.00 0.00
8000.00 0.00
8200.00 0.00
8400.00 0.00
8600.00 0.00
8800.00 0.00
9000.00 0.00
9200.00 0.00
9400.00 0.00
9600.00 0.00
9800.00 0.00
