60.60 9.0000e-06
58.60 9.0000e-06
56.50 1.5000e-05
54.40 2.8000e-05
52.20 5.2000e-05
50.00 1.0340e-05
47.70 2.1150e-04
45.50 4.4240e-04
43.30 9.1800e-04
41.10 1.7930e-03
39.00 3.1200e-03
36.90 4.5620e-03
34.80 5.5540e-03
32.80 5.7670e-03
30.90 5.1500e-03
29.00 4.0140e-03
27.10 2.7200e-03
25.20 1.7090e-03
23.40 1.0170e-03
21.50 5.5400e-04
19.70 1.9260e-04
17.90 5.2600e-05
16.10 2.7100e-05
14.40 1.8000e-05
12.50 1.2190e-05
10.70 1.0000e-10
10.0 1.82536e-12
9.9 2.01734e-12
9.8 2.22950e-12
9.7 2.46398e-12
9.6 2.72312e-12
9.5 3.00951e-12
9.4 3.32603e-12
9.3 3.67583e-12
9.2 4.06242e-12
9.1 4.48967e-12
9.0 4.96185e-12
8.9 5.48369e-12
8.8 6.06042e-12
8.7 6.69780e-12
8.6 7.40221e-12
8.5 8.18071e-12
8.4 9.04108e-12
8.3 9.99194e-12
8.2 1.10428e-11
8.1 1.22042e-11
8.0 1.34877e-11
7.9 1.49062e-11
7.8 1.64739e-11
7.7 1.82065e-11
7.6 2.01213e-11
7.5 2.22375e-11
7.4 2.45762e-11
7.3 2.71609e-11
7.2 3.00174e-11
7.1 3.31744e-11
7.0 3.66634e-11
6.9 4.05193e-11
6.8 4.47808e-11
6.7 4.94904e-11
6.6 5.46953e-11
6.5 6.04477e-11
6.4 6.68050e-11
6.3 7.38310e-11
6.2 8.15959e-11
6.1 9.01774e-11
6.0 9.96614e-11
5.9 1.10143e-10
5.8 1.21727e-10
5.7 1.34529e-10
5.6 1.48677e-10
5.5 1.64314e-10
5.4 1.81595e-10
5.3 2.00693e-10
5.2 2.21801e-10
5.1 2.45128e-10
5.0 2.70908e-10
4.9 2.99399e-10
4.8 3.30888e-10
4.7 3.65687e-10
4.6 4.04147e-10
4.5 4.46651e-10
4.4 4.93626e-10
4.3 5.45541e-10
4.2 6.02916e-10
4.1 6.66326e-10
4.0 7.36404e-10
3.9 8.13852e-10
3.8 8.99446e-10
3.7 9.94041e-10
3.6 1.09859e-09
3.5 1.21412e-09
3.4 1.34182e-09
3.3 1.48294e-09
3.2 1.63890e-09
3.1 1.81126e-09
3.0 2.00175e-09
2.9 2.21228e-09
2.8 2.44495e-09
2.7 2.70208e-09
2.6 2.98626e-09
2.5 3.30033e-09
2.4 3.64743e-09
2.3 4.03104e-09
2.2 4.45498e-09
2.1 4.92352e-09
2.0 5.44133e-09
1.9 6.01360e-09
1.8 6.64605e-09
1.7 7.34503e-09
1.6 8.11751e-09
1.5 8.97123e-09
1.4 9.91475e-09
