60.60 9.0000e-06
58.60 9.0000e-06
56.50 1.5000e-05
54.40 2.8000e-05
52.20 5.2000e-05
50.00 1.0340e-05
47.70 2.1150e-04
45.50 4.4240e-04
43.30 9.1800e-04
41.10 1.7930e-03
39.00 3.1200e-03
36.90 4.5620e-03
34.80 5.5540e-03
32.80 5.7670e-03
30.90 5.1500e-03
29.00 4.0140e-03
27.10 2.7200e-03
25.20 1.7090e-03
23.40 1.0170e-03
21.50 5.5400e-04
19.70 1.9260e-04
17.90 5.2600e-05
16.10 2.7100e-05
14.40 1.8000e-05
12.50 1.2190e-05
10.70 1.0000e-10
10.0 6.49972e-12
9.9 7.06458e-12
9.8 7.67852e-12
9.7 8.34581e-12
9.6 9.07110e-12
9.5 9.85941e-12
9.4 1.07162e-11
9.3 1.16475e-11
9.2 1.26597e-11
9.1 1.37599e-11
9.0 1.49557e-11
8.9 1.62554e-11
8.8 1.76681e-11
8.7 1.92035e-11
8.6 2.08724e-11
8.5 2.26863e-11
8.4 2.46578e-11
8.3 2.68007e-11
8.2 2.91297e-11
8.1 3.16612e-11
8.0 3.44127e-11
7.9 3.74033e-11
7.8 4.06538e-11
7.7 4.41868e-11
7.6 4.80268e-11
7.5 5.22006e-11
7.4 5.67370e-11
7.3 6.16677e-11
7.2 6.70268e-11
7.1 7.28517e-11
7.0 7.91828e-11
6.9 8.60642e-11
6.8 9.35435e-11
6.7 1.01673e-10
6.6 1.10509e-10
6.5 1.20112e-10
6.4 1.30550e-10
6.3 1.41896e-10
6.2 1.54227e-10
6.1 1.67630e-10
6.0 1.82198e-10
5.9 1.98032e-10
5.8 2.15241e-10
5.7 2.33947e-10
5.6 2.54278e-10
5.5 2.76375e-10
5.4 3.00393e-10
5.3 3.26499e-10
5.2 3.54873e-10
5.1 3.85713e-10
5.0 4.19233e-10
4.9 4.55666e-10
4.8 4.95265e-10
4.7 5.38306e-10
4.6 5.85087e-10
4.5 6.35933e-10
4.4 6.91198e-10
4.3 7.51266e-10
4.2 8.16554e-10
4.1 8.87516e-10
4.0 9.64645e-10
3.9 1.04848e-09
3.8 2.50889e-09
3.7 2.60793e-09
3.6 2.71557e-09
3.5 1.46327e-09
3.4 1.59043e-09
3.3 1.72864e-09
3.2 1.87887e-09
3.1 2.04215e-09
3.0 2.21962e-09
2.9 2.41252e-09
2.8 2.62218e-09
2.7 2.85005e-09
2.6 3.09773e-09
2.5 3.36694e-09
2.4 3.65954e-09
2.3 3.97757e-09
2.2 4.32324e-09
2.1 4.69894e-09
2.0 5.10730e-09
1.9 5.55115e-09
1.8 6.03356e-09
1.7 6.55790e-09
1.6 7.12781e-09
1.5 7.74725e-09
1.4 8.42052e-09
