 #  SCIATRAN 2.2 (DOM, spherical mode)
 #  Height resolved air mass factors for no2
 #  Spectral range:  440.000 -  440.000
 #  The number of spectral points:    1
 #  The number of altitude levels:  51
    10.000     9.800     9.600     9.400     9.200     9.000     8.800     8.600     8.400     8.200     8.000     7.800     7.600     7.400     7.200     7.000     6.800     6.600     6.400     6.200     6.000     5.800     5.600     5.400     5.200     5.000     4.800     4.600     4.400     4.200     4.000     3.800     3.600     3.400     3.200     3.000     2.800     2.600     2.400     2.200     2.000     1.800     1.600     1.400     1.200     1.000     0.800     0.600     0.400     0.200     0.000
 
  440.0000000   0.10982500501496D+01   0.11494341454639D+01   0.12153800676384D+01   0.13001500035826D+01   0.14090345191841D+01   0.15493650048214D+01   0.17315241338315D+01   0.19774857133801D+01
 
  440.0000000   0.11043483041649D+01   0.11557966105791D+01   0.12220534312859D+01   0.13071757260289D+01   0.14164510422068D+01   0.15572077348584D+01   0.17398248632896D+01   0.19862833554039D+01
 
  440.0000000   0.11162017731083D+01   0.11681587247290D+01   0.12350135886423D+01   0.13208124577866D+01   0.14308364024863D+01   0.15724070825973D+01   0.17558953556417D+01   0.20032925424678D+01
 
  440.0000000   0.11274722697037D+01   0.11799037260693D+01   0.12473155902095D+01   0.13337422952616D+01   0.14444576159866D+01   0.15867753693304D+01   0.17710564340164D+01   0.20192955382298D+01
 
  440.0000000   0.11383444528310D+01   0.11912259545649D+01   0.12591653364142D+01   0.13461846323890D+01   0.14575496123388D+01   0.16005652831992D+01   0.17855810729049D+01   0.20345893909011D+01
 
  440.0000000   0.11489635661522D+01   0.12022782464828D+01   0.12707247289775D+01   0.13583119457771D+01   0.14702970357068D+01   0.16139753686814D+01   0.17996836881960D+01   0.20494073218471D+01
 
  440.0000000   0.11594434507709D+01   0.12131803937047D+01   0.12821206679211D+01   0.13702594299766D+01   0.14828446291342D+01   0.16271612853777D+01   0.18135324187059D+01   0.20639322632292D+01
 
  440.0000000   0.11698747330555D+01   0.12240277445678D+01   0.12934541423360D+01   0.13821346567559D+01   0.14953075422949D+01   0.16402468459727D+01   0.18272609788898D+01   0.20783096495887D+01
 
  440.0000000   0.11803318464238D+01   0.12348985746063D+01   0.13048080143127D+01   0.13940258370767D+01   0.15077801367183D+01   0.16533334303348D+01   0.18409787480807D+01   0.20926582768069D+01
 
  440.0000000   0.11908778439156D+01   0.12458591667126D+01   0.13162524070771D+01   0.14060075907903D+01   0.15203422221551D+01   0.16665067817061D+01   0.18547782284396D+01   0.21070785757549D+01
 
  440.0000000   0.12015674767696D+01   0.12569670430017D+01   0.13278480524565D+01   0.14181444895938D+01   0.15330628928905D+01   0.16798412223454D+01   0.18687396893056D+01   0.21216577382541D+01
 
  440.0000000   0.12124513314272D+01   0.12682753762090D+01   0.13396511259732D+01   0.14304963208658D+01   0.15460062141163D+01   0.16934057895428D+01   0.18829378553901D+01   0.21364771457610D+01
 
  440.0000000   0.12235817956404D+01   0.12798392918037D+01   0.13517200771441D+01   0.14431254217475D+01   0.15592390064613D+01   0.17072724458278D+01   0.18974505955257D+01   0.21516216482102D+01
 
  440.0000000   0.12350204047856D+01   0.12917235327354D+01   0.13641235556623D+01   0.14561050723937D+01   0.15728399174692D+01   0.17215259410944D+01   0.19123694814391D+01   0.21671907132034D+01
 
  440.0000000   0.12468460236786D+01   0.13040110892143D+01   0.13769495440042D+01   0.14695292302405D+01   0.15869098944803D+01   0.17362752177737D+01   0.19278124081276D+01   0.21833126318889D+01
 
  440.0000000   0.12591663547299D+01   0.13168153509513D+01   0.13903183041908D+01   0.14835262818618D+01   0.16015868084794D+01   0.17516691445766D+01   0.19439409853384D+01   0.22001642112078D+01
 
  440.0000000   0.12721381702571D+01   0.13303014048943D+01   0.14044048963350D+01   0.14982832044885D+01   0.16170716776568D+01   0.17679250922659D+01   0.19609914904239D+01   0.22180042171034D+01
 
  440.0000000   0.12860012459605D+01   0.13447218286764D+01   0.14194773906640D+01   0.15140867462260D+01   0.16336732795981D+01   0.17853772462177D+01   0.19793268014828D+01   0.22372291361229D+01
 
  440.0000000   0.13011349965787D+01   0.13604766391906D+01   0.14359615698807D+01   0.15313930454331D+01   0.16518827834022D+01   0.18045567046594D+01   0.19995231811417D+01   0.22584686213770D+01
 
  440.0000000   0.13194624003263D+01   0.13796148470310D+01   0.14560661042702D+01   0.15526044340005D+01   0.16743380769281D+01   0.18283917005133D+01   0.20248733018065D+01   0.22854826264124D+01
 
  440.0000000   0.18354548257394D+01   0.18966516718003D+01   0.19743477762920D+01   0.20723151143169D+01   0.21956520181478D+01   0.23514651194599D+01   0.25498255146430D+01   0.28123529358773D+01
 
  440.0000000   0.23396186216909D+01   0.24018947270955D+01   0.24808542761022D+01   0.25802574765257D+01   0.27051628761400D+01   0.28625961202638D+01   0.30624759632056D+01   0.33260828516923D+01
 
  440.0000000   0.23342702286698D+01   0.23974402452706D+01   0.24774197940004D+01   0.25779699674068D+01   0.27040830572143D+01   0.28626480182445D+01   0.30633345819581D+01   0.33268881699365D+01
 
  440.0000000   0.23247997238527D+01   0.23886370814751D+01   0.24693543208261D+01   0.25707220970445D+01   0.26976454282268D+01   0.28568343644154D+01   0.30576398891095D+01   0.33201672455776D+01
 
  440.0000000   0.23123974680311D+01   0.23767488178259D+01   0.24580150041407D+01   0.25599807046395D+01   0.26874459577922D+01   0.28469068628875D+01   0.30473376944562D+01   0.33081188835484D+01
 
  440.0000000   0.22976250014955D+01   0.23623685574998D+01   0.24440282641620D+01   0.25464138305266D+01   0.26742064937927D+01   0.28336582457245D+01   0.30333158914419D+01   0.32917533791162D+01
 
  440.0000000   0.22806904437290D+01   0.23457144315546D+01   0.24276209500081D+01   0.25302609136983D+01   0.26581838430556D+01   0.28173672348029D+01   0.30158786991984D+01   0.32714019748359D+01
 
  440.0000000   0.22615818404599D+01   0.23267763594510D+01   0.24087967208456D+01   0.25115295448815D+01   0.26393766182924D+01   0.27980133752239D+01   0.29949846704692D+01   0.32470059007536D+01
 
  440.0000000   0.22400983724327D+01   0.23053478937688D+01   0.23873604928259D+01   0.24900163228805D+01   0.26175498846364D+01   0.27753152348795D+01   0.29703105573007D+01   0.32182143584469D+01
 
  440.0000000   0.22156118785772D+01   0.22807762920524D+01   0.23626423871013D+01   0.24650192648728D+01   0.25919534889465D+01   0.27484652922114D+01   0.29409971119243D+01   0.31841311573193D+01
 
  440.0000000   0.21854397963413D+01   0.22504980543859D+01   0.23322599949299D+01   0.24343528294309D+01   0.25605907431395D+01   0.27156167657697D+01   0.29052604054133D+01   0.31428180664822D+01
 
  440.0000000   0.21545540788807D+01   0.22191055016023D+01   0.23002453230187D+01   0.24013158348363D+01   0.25257634934007D+01   0.26776485611941D+01   0.28618735434499D+01   0.30897536085758D+01
 
  440.0000000   0.21263560467498D+01   0.21897635202063D+01   0.22692688896099D+01   0.23680479937904D+01   0.24891023391825D+01   0.26357490528046D+01   0.28117166562556D+01   0.30257260840293D+01
 
  440.0000000   0.20931238069399D+01   0.21553788097945D+01   0.22330503297094D+01   0.23293874397281D+01   0.24470669618891D+01   0.25888183483359D+01   0.27574447733233D+01   0.29593848765073D+01
 
  440.0000000   0.20535967724136D+01   0.21145930192083D+01   0.21902881130707D+01   0.22840503735926D+01   0.23983269536106D+01   0.25354288150128D+01   0.26975162899836D+01   0.28892410161360D+01
 
  440.0000000   0.20089013102885D+01   0.20681630593855D+01   0.21413344831488D+01   0.22318032088857D+01   0.23417729308430D+01   0.24731586112256D+01   0.26275411037763D+01   0.28078756466849D+01
 
  440.0000000   0.19573163571774D+01   0.20144118152633D+01   0.20845469390115D+01   0.21710331579384D+01   0.22758065041344D+01   0.24003898142962D+01   0.25458202933800D+01   0.27133353954250D+01
 
  440.0000000   0.18980013123614D+01   0.19524175649380D+01   0.20188903264449D+01   0.21005654333801D+01   0.21990873534071D+01   0.23155921209583D+01   0.24506144589353D+01   0.26036753236210D+01
 
  440.0000000   0.18293049457648D+01   0.18804159634664D+01   0.19424617868842D+01   0.20183238442109D+01   0.21093313743827D+01   0.22162455898460D+01   0.23391552556479D+01   0.24759143743519D+01
 
  440.0000000   0.17489207263550D+01   0.17959548068543D+01   0.18526373555023D+01   0.19214699529774D+01   0.20034444806141D+01   0.20989710001997D+01   0.22077731389856D+01   0.23261617163781D+01
 
  440.0000000   0.16536715369983D+01   0.16956655276659D+01   0.17458265273140D+01   0.18061466675534D+01   0.18772598074446D+01   0.19592580176383D+01   0.20515996517816D+01   0.21492825348314D+01
 
  440.0000000   0.15391152406167D+01   0.15748426793308D+01   0.16170174530788D+01   0.16669899975012D+01   0.17250170247169D+01   0.17909093269780D+01   0.18639655492441D+01   0.19382497583130D+01
 
  440.0000000   0.13991731190942D+01   0.14270093425828D+01   0.14592560318220D+01   0.14965168040656D+01   0.15386463388189D+01   0.15851874948761D+01   0.16353400993555D+01   0.16828214129857D+01
 
  440.0000000   0.12479914945646D+01   0.12670178850252D+01   0.12882601576181D+01   0.13116376042771D+01   0.13365848606244D+01   0.13623140101559D+01   0.13878133557131D+01   0.14070860318973D+01
 
  440.0000000   0.11047134506228D+01   0.11176160345434D+01   0.11312541824230D+01   0.11451768751848D+01   0.11585234413621D+01   0.11702098984049D+01   0.11789340156631D+01   0.11793692646451D+01
 
  440.0000000   0.99967064983131D+00   0.10098182560874D+01   0.10201146092575D+01   0.10299784359431D+01   0.10384423822378D+01   0.10443043573232D+01   0.10461266667139D+01   0.10392406002467D+01
 
  440.0000000   0.92377756167568D+00   0.93180023683064D+00   0.93959569549670D+00   0.94651445696155D+00   0.95156625957247D+00   0.95353788999060D+00   0.95099134554991D+00   0.93981525267936D+00
 
  440.0000000   0.83935254447700D+00   0.84509859127392D+00   0.85024515968801D+00   0.85412953357857D+00   0.85577942110719D+00   0.85401334218633D+00   0.84744086837491D+00   0.83255175527320D+00
 
  440.0000000   0.74548332705808D+00   0.74873962513244D+00   0.75101520600842D+00   0.75167971954082D+00   0.74981853044869D+00   0.74432732639622D+00   0.73391773802633D+00   0.71574363672020D+00
 
  440.0000000   0.63760755632476D+00   0.63800062191499D+00   0.63700722414801D+00   0.63407736268608D+00   0.62840560506384D+00   0.61902824691538D+00   0.60483840856742D+00   0.58376316824535D+00
 
  440.0000000   0.57930995461234D+00   0.57814967169735D+00   0.57539201306229D+00   0.57053918374309D+00   0.56285565228086D+00   0.55146768740759D+00   0.53538437227257D+00   0.51295549174816D+00
