 #  SCIATRAN 2.2 (DOM, spherical mode)
 #  Height resolved air mass factors for no2
 #  Spectral range:  440.000 -  440.000
 #  The number of spectral points:    1
 #  The number of altitude levels:  51
    10.000     9.800     9.600     9.400     9.200     9.000     8.800     8.600     8.400     8.200     8.000     7.800     7.600     7.400     7.200     7.000     6.800     6.600     6.400     6.200     6.000     5.800     5.600     5.400     5.200     5.000     4.800     4.600     4.400     4.200     4.000     3.800     3.600     3.400     3.200     3.000     2.800     2.600     2.400     2.200     2.000     1.800     1.600     1.400     1.200     1.000     0.800     0.600     0.400     0.200     0.000
 
  440.0000000   0.11014243658190D+01   0.11523957834682D+01   0.12181687905465D+01   0.13019205447879D+01   0.14090630157340D+01   0.15480099749686D+01   0.17321041092361D+01   0.19830783435671D+01
 
  440.0000000   0.11062773689166D+01   0.11574936982566D+01   0.12235679343057D+01   0.13076809172162D+01   0.14152530746956D+01   0.15547107322024D+01   0.17394145169559D+01   0.19911166610831D+01
 
  440.0000000   0.11156848089338D+01   0.11673706193850D+01   0.12340219033532D+01   0.13188258351724D+01   0.14272183586270D+01   0.15676488455741D+01   0.17535106300702D+01   0.20065885735218D+01
 
  440.0000000   0.11245798394119D+01   0.11766996840658D+01   0.12438837121697D+01   0.13293235741991D+01   0.14384682362059D+01   0.15797864504383D+01   0.17666986105093D+01   0.20210114233893D+01
 
  440.0000000   0.11331138507128D+01   0.11856416242859D+01   0.12533257146018D+01   0.13393607490316D+01   0.14492067677980D+01   0.15913490515527D+01   0.17792306568516D+01   0.20346714563445D+01
 
  440.0000000   0.11414052234374D+01   0.11943220968784D+01   0.12624826192100D+01   0.13490831683888D+01   0.14595933331858D+01   0.16025127033091D+01   0.17913035756446D+01   0.20477919249043D+01
 
  440.0000000   0.11495460013889D+01   0.12028387942142D+01   0.12714591479498D+01   0.13586041745382D+01   0.14697518155444D+01   0.16134142466621D+01   0.18030703494764D+01   0.20605463960290D+01
 
  440.0000000   0.11576085971333D+01   0.12112685481892D+01   0.12803376333292D+01   0.13680128426830D+01   0.14797795321807D+01   0.16241611289529D+01   0.18146510455738D+01   0.20730710191057D+01
 
  440.0000000   0.11656514896163D+01   0.12196733606092D+01   0.12891844601299D+01   0.13773809235029D+01   0.14897547831678D+01   0.16348396865746D+01   0.18261419933683D+01   0.20854748122969D+01
 
  440.0000000   0.11737231308722D+01   0.12281045694303D+01   0.12980545577207D+01   0.13867677417077D+01   0.14997422559402D+01   0.16455211848734D+01   0.18376226354954D+01   0.20978475846944D+01
 
  440.0000000   0.11818644068494D+01   0.12366054754352D+01   0.13069942329378D+01   0.13962232830830D+01   0.15097964244525D+01   0.16562656018240D+01   0.18491597901169D+01   0.21102648107489D+01
 
  440.0000000   0.11901119613783D+01   0.12452148926357D+01   0.13160450060989D+01   0.14057923879926D+01   0.15199661906872D+01   0.16671268364173D+01   0.18608135901616D+01   0.21227945450190D+01
 
  440.0000000   0.11985028073819D+01   0.12539720170428D+01   0.13252487974172D+01   0.14155203220963D+01   0.15303009175181D+01   0.16781592977877D+01   0.18726447465000D+01   0.21355055079244D+01
 
  440.0000000   0.12070797243905D+01   0.12629221149195D+01   0.13346539407924D+01   0.14254592134531D+01   0.15408574095419D+01   0.16894255647979D+01   0.18847230307837D+01   0.21484765620236D+01
 
  440.0000000   0.12158972465111D+01   0.12721228669218D+01   0.13443219007803D+01   0.14356753000598D+01   0.15517078971513D+01   0.17010053430078D+01   0.18971374643479D+01   0.21618084748769D+01
 
  440.0000000   0.12250298184268D+01   0.12816530750716D+01   0.13543368169178D+01   0.14462593695540D+01   0.15629514208677D+01   0.17130079161578D+01   0.19100101244827D+01   0.21756395302361D+01
 
  440.0000000   0.12345861690000D+01   0.12916279587418D+01   0.13648220977492D+01   0.14573448216569D+01   0.15747335497549D+01   0.17255938179170D+01   0.19235202871498D+01   0.21901729090216D+01
 
  440.0000000   0.12447338797898D+01   0.13022251189636D+01   0.13759679203232D+01   0.14691372398661D+01   0.15872787048002D+01   0.17390106799853D+01   0.19379446425585D+01   0.22057223329509D+01
 
  440.0000000   0.12557405241841D+01   0.13137281135710D+01   0.13880778081922D+01   0.14819647936010D+01   0.16009453371828D+01   0.17536542397199D+01   0.19537252628664D+01   0.22227885491673D+01
 
  440.0000000   0.12683903286234D+01   0.13269724339044D+01   0.14020524497523D+01   0.14968090794539D+01   0.16168163591510D+01   0.17707368718678D+01   0.19722446040506D+01   0.22429807352768D+01
 
  440.0000000   0.17793242032870D+01   0.18385335802538D+01   0.19143772105899D+01   0.20100305324109D+01   0.21310766142095D+01   0.22861903909933D+01   0.24890563361717D+01   0.27612530066041D+01
 
  440.0000000   0.22833273827420D+01   0.23430167711479D+01   0.24194226583015D+01   0.25156996999011D+01   0.26374083622461D+01   0.27931822417892D+01   0.29966221592469D+01   0.32690517939721D+01
 
  440.0000000   0.22818704400244D+01   0.23418464283492D+01   0.24185613548235D+01   0.25151416464734D+01   0.26371021281755D+01   0.27929949833638D+01   0.29962688665302D+01   0.32678606021480D+01
 
  440.0000000   0.22780330153086D+01   0.23381524714150D+01   0.24149931155667D+01   0.25116543870467D+01   0.26335951518663D+01   0.27892666523418D+01   0.29919319299469D+01   0.32620830393006D+01
 
  440.0000000   0.22724111639344D+01   0.23325676427831D+01   0.24093977756024D+01   0.25059746122521D+01   0.26276927545046D+01   0.27828867207964D+01   0.29846066664646D+01   0.32528495033319D+01
 
  440.0000000   0.22653568516809D+01   0.23254645478959D+01   0.24021742874304D+01   0.24985357461247D+01   0.26198711024641D+01   0.27743808371443D+01   0.29748708743848D+01   0.32407929881990D+01
 
  440.0000000   0.22570629980583D+01   0.23170464320611D+01   0.23935397627628D+01   0.24895747694842D+01   0.26103917994608D+01   0.27640355946423D+01   0.29630273047026D+01   0.32262198180266D+01
 
  440.0000000   0.22476062916045D+01   0.23073930435045D+01   0.23835792011117D+01   0.24791819312548D+01   0.25993493085054D+01   0.27519473484497D+01   0.29491697936041D+01   0.32092127148333D+01
 
  440.0000000   0.22369301000113D+01   0.22964436300824D+01   0.23722307422122D+01   0.24672901045914D+01   0.25866651140174D+01   0.27380192305597D+01   0.29331759703812D+01   0.31896125745072D+01
 
  440.0000000   0.22246640217478D+01   0.22838065533247D+01   0.23590783305905D+01   0.24534547339562D+01   0.25718604202649D+01   0.27217292818485D+01   0.29144659908747D+01   0.31667680340585D+01
 
  440.0000000   0.22097607740625D+01   0.22684827775047D+01   0.23431618989208D+01   0.24367954851144D+01   0.25541695522294D+01   0.27024233642744D+01   0.28924108796514D+01   0.31398450140196D+01
 
  440.0000000   0.21965493088623D+01   0.22546372466769D+01   0.23284168873107D+01   0.24209107977744D+01   0.25366681736114D+01   0.26823306486933D+01   0.28678249959883D+01   0.31071931593187D+01
 
  440.0000000   0.21877382163429D+01   0.22449638503324D+01   0.23175257396385D+01   0.24083821010988D+01   0.25217473423475D+01   0.26636189550318D+01   0.28427598400103D+01   0.30709949395261D+01
 
  440.0000000   0.21777731288091D+01   0.22342676254791D+01   0.23057337520904D+01   0.23950861163512D+01   0.25062617173068D+01   0.26447385622885D+01   0.28183650183046D+01   0.30370709356331D+01
 
  440.0000000   0.21641780872956D+01   0.22198830259311D+01   0.22901306020239D+01   0.23778698760720D+01   0.24868265720681D+01   0.26220712276720D+01   0.27907451449507D+01   0.30012683884446D+01
 
  440.0000000   0.21478083352892D+01   0.22024040094160D+01   0.22710176089193D+01   0.23566148033185D+01   0.24626868797290D+01   0.25938675694886D+01   0.27565536442503D+01   0.29576165508135D+01
 
  440.0000000   0.21289825760293D+01   0.21822062859800D+01   0.22488450556611D+01   0.23318292675664D+01   0.24343811052611D+01   0.25606625114494D+01   0.27162881120540D+01   0.29064380821194D+01
 
  440.0000000   0.21076716102317D+01   0.21592088631920D+01   0.22234423989024D+01   0.23032147511810D+01   0.24014464031855D+01   0.25218040740881D+01   0.26691120337942D+01   0.28467063102065D+01
 
  440.0000000   0.20832826015559D+01   0.21327321485836D+01   0.21940145612347D+01   0.22698256631335D+01   0.23627415776554D+01   0.24758969194830D+01   0.26133002804444D+01   0.27762924106894D+01
 
  440.0000000   0.20548205759260D+01   0.21016607015278D+01   0.21592945840756D+01   0.22301976902841D+01   0.23165456872007D+01   0.24208880922572D+01   0.25463730377208D+01   0.26922192797507D+01
 
  440.0000000   0.20207442762668D+01   0.20642861346397D+01   0.21173656106615D+01   0.21821263097207D+01   0.22602790812204D+01   0.23537437985617D+01   0.24647968414446D+01   0.25904767522512D+01
 
  440.0000000   0.19787097988176D+01   0.20180258169615D+01   0.20653517877412D+01   0.21223384460709D+01   0.21901593809082D+01   0.22700759587557D+01   0.23635322218766D+01   0.24654575091465D+01
 
  440.0000000   0.19255742638193D+01   0.19593798554256D+01   0.19993112562008D+01   0.20463279356512D+01   0.21009770201143D+01   0.21638252627094D+01   0.22355308999213D+01   0.23091775859792D+01
 
  440.0000000   0.18640828740792D+01   0.18914343380852D+01   0.19228106027428D+01   0.19584339950803D+01   0.19981648480021D+01   0.20417947956839D+01   0.20890945235443D+01   0.21318111476814D+01
 
  440.0000000   0.18007605746837D+01   0.18234513545526D+01   0.18486965978121D+01   0.18762530008949D+01   0.19054737567242D+01   0.19355218859885D+01   0.19653723761470D+01   0.19862581695364D+01
 
  440.0000000   0.17540005616020D+01   0.17745974562434D+01   0.17971432514414D+01   0.18211900936811D+01   0.18458669120977D+01   0.18700462133517D+01   0.18923118937178D+01   0.19039873876625D+01
 
  440.0000000   0.17207907548977D+01   0.17397885632026D+01   0.17603422165813D+01   0.17818634721562D+01   0.18033633863553D+01   0.18235761708093D+01   0.18409128114127D+01   0.18469195400427D+01
 
  440.0000000   0.16821222513329D+01   0.16993509360556D+01   0.17177211955527D+01   0.17365304332018D+01   0.17546934871837D+01   0.17708329049637D+01   0.17832230554865D+01   0.17836883240264D+01
 
  440.0000000   0.16378494691885D+01   0.16531098285119D+01   0.16690720108620D+01   0.16849366771812D+01   0.16995376607230D+01   0.17114037813237D+01   0.17186958219861D+01   0.17135786712523D+01
 
  440.0000000   0.15856973979172D+01   0.15986754383893D+01   0.16118703545537D+01   0.16244076090077D+01   0.16350548042722D+01   0.16422611139478D+01   0.16440876823851D+01   0.16331240394245D+01
 
  440.0000000   0.15572065827716D+01   0.15689435829902D+01   0.15806395059581D+01   0.15913896796236D+01   0.15999326639404D+01   0.16046808966623D+01   0.16036476874075D+01   0.15896596250341D+01
