 #  SCIATRAN 2.2 (DOM, spherical mode)
 #  Height resolved air mass factors for no2
 #  Spectral range:  440.000 -  440.000
 #  The number of spectral points:    1
 #  The number of altitude levels:  51
    10.000     9.800     9.600     9.400     9.200     9.000     8.800     8.600     8.400     8.200     8.000     7.800     7.600     7.400     7.200     7.000     6.800     6.600     6.400     6.200     6.000     5.800     5.600     5.400     5.200     5.000     4.800     4.600     4.400     4.200     4.000     3.800     3.600     3.400     3.200     3.000     2.800     2.600     2.400     2.200     2.000     1.800     1.600     1.400     1.200     1.000     0.800     0.600     0.400     0.200     0.000
 
  440.0000000   0.10897569405724D+01   0.11403156139299D+01   0.12054756047509D+01   0.12892444829210D+01   0.13968686832181D+01   0.15356402947399D+01   0.17159209816830D+01   0.19594139450463D+01
 
  440.0000000   0.10955933566626D+01   0.11464162082273D+01   0.12118878960166D+01   0.12960115304855D+01   0.14040309300796D+01   0.15432353419087D+01   0.17239827074351D+01   0.19679813742468D+01
 
  440.0000000   0.11069431906661D+01   0.11582749606522D+01   0.12243465969931D+01   0.13091517599995D+01   0.14179285337189D+01   0.15579598199175D+01   0.17395951348398D+01   0.19845493301767D+01
 
  440.0000000   0.11177458041464D+01   0.11695530069532D+01   0.12361841589678D+01   0.13216224549918D+01   0.14310993136991D+01   0.15718900785012D+01   0.17543340562133D+01   0.20001457082225D+01
 
  440.0000000   0.11281783236678D+01   0.11804371227767D+01   0.12475989166797D+01   0.13336354976218D+01   0.14437708157883D+01   0.15852716392648D+01   0.17684655962705D+01   0.20150610727886D+01
 
  440.0000000   0.11383805682245D+01   0.11910747156759D+01   0.12587473666041D+01   0.13453580237580D+01   0.14561224623877D+01   0.15982980111842D+01   0.17821993997354D+01   0.20295241757003D+01
 
  440.0000000   0.11484627642889D+01   0.12015819864090D+01   0.12697528673369D+01   0.13569217658225D+01   0.14682956523844D+01   0.16111216774037D+01   0.17957006586249D+01   0.20437152607658D+01
 
  440.0000000   0.11585134793492D+01   0.12120522784391D+01   0.12807144842480D+01   0.13684324739151D+01   0.14804038421297D+01   0.16238649219024D+01   0.18091017738151D+01   0.20577786867580D+01
 
  440.0000000   0.11686065163447D+01   0.12225633281191D+01   0.12917146624193D+01   0.13799780787428D+01   0.14925412663436D+01   0.16366291774150D+01   0.18225124004464D+01   0.20718337670544D+01
 
  440.0000000   0.11788057900887D+01   0.12331824247487D+01   0.13028247304786D+01   0.13916346051272D+01   0.15047893353653D+01   0.16495019927531D+01   0.18360270912338D+01   0.20859832506553D+01
 
  440.0000000   0.11891686741785D+01   0.12439699443520D+01   0.13141086383058D+01   0.14034701658038D+01   0.15172209443231D+01   0.16625617160626D+01   0.18497304063238D+01   0.21003189287267D+01
 
  440.0000000   0.11997507892294D+01   0.12549843947242D+01   0.13256282466266D+01   0.14155506020735D+01   0.15299065958144D+01   0.16758842295326D+01   0.18637043708865D+01   0.21149299599297D+01
 
  440.0000000   0.12106129115860D+01   0.12662897052357D+01   0.13374511739133D+01   0.14279478834998D+01   0.15429233233088D+01   0.16895523912049D+01   0.18780384966870D+01   0.21299135813304D+01
 
  440.0000000   0.12218297566804D+01   0.12779644961496D+01   0.13496607759418D+01   0.14407507927909D+01   0.15563660456984D+01   0.17036680554731D+01   0.18928425524985D+01   0.21453887748878D+01
 
  440.0000000   0.12335010914908D+01   0.12901137438454D+01   0.13623683232312D+01   0.14540778323028D+01   0.15703614666908D+01   0.17183672171743D+01   0.19082631476576D+01   0.21615145131469D+01
 
  440.0000000   0.12457681229066D+01   0.13028860145060D+01   0.13757311795234D+01   0.14680965508667D+01   0.15850887775524D+01   0.17338423230803D+01   0.19245078801833D+01   0.21785160256412D+01
 
  440.0000000   0.12588416680941D+01   0.13165031432791D+01   0.13899843549695D+01   0.14830572112347D+01   0.16008156806761D+01   0.17503809461288D+01   0.19418870654584D+01   0.21967301442566D+01
 
  440.0000000   0.12730499672044D+01   0.13313105387504D+01   0.14054937890152D+01   0.14993495097073D+01   0.16179590280004D+01   0.17684308830092D+01   0.19608839404275D+01   0.22166814600486D+01
 
  440.0000000   0.12889197349391D+01   0.13478624573996D+01   0.14228466748254D+01   0.15175987315296D+01   0.16371876268001D+01   0.17887105241227D+01   0.19822736848948D+01   0.22392114149679D+01
 
  440.0000000   0.13075161241304D+01   0.13672832664316D+01   0.14432390112674D+01   0.15390848842923D+01   0.16598795316066D+01   0.18127129957011D+01   0.20076863541665D+01   0.22661160953237D+01
 
  440.0000000   0.18221046514824D+01   0.18827967086738D+01   0.19598321592563D+01   0.20568740902660D+01   0.21789556781691D+01   0.23331366889700D+01   0.25294741903995D+01   0.27891637734426D+01
 
  440.0000000   0.23229226178914D+01   0.23844388634030D+01   0.24624090949876D+01   0.25604339169531D+01   0.26834867582507D+01   0.28385423984759D+01   0.30355227326862D+01   0.32952735786922D+01
 
  440.0000000   0.23132554141985D+01   0.23753697916119D+01   0.24539910522647D+01   0.25526506754371D+01   0.26762432502985D+01   0.28316252653524D+01   0.30285271582641D+01   0.32873092964287D+01
 
  440.0000000   0.22992374961816D+01   0.23617462470019D+01   0.24407707010272D+01   0.25397839565197D+01   0.26635992239111D+01   0.28189450081184D+01   0.30153415590116D+01   0.32726283533455D+01
 
  440.0000000   0.22817673709389D+01   0.23445163209763D+01   0.24237559333065D+01   0.25229120676133D+01   0.26467144019127D+01   0.28017541282262D+01   0.29973229788252D+01   0.32527075146553D+01
 
  440.0000000   0.22613761016378D+01   0.23242417821008D+01   0.24035488308077D+01   0.25026821245772D+01   0.26262848516015D+01   0.27808017899923D+01   0.29752788654556D+01   0.32284209148869D+01
 
  440.0000000   0.22383467905330D+01   0.23012228245111D+01   0.23804730355138D+01   0.24794419742711D+01   0.26026829209337D+01   0.27564865251900D+01   0.29496389000677D+01   0.32002347062443D+01
 
  440.0000000   0.22127653291178D+01   0.22755514239214D+01   0.23546290727755D+01   0.24533009193175D+01   0.25760265253592D+01   0.27289347921174D+01   0.29205384833513D+01   0.31682901001171D+01
 
  440.0000000   0.21844774504057D+01   0.22470686960266D+01   0.23258572053614D+01   0.24240989088817D+01   0.25461534383570D+01   0.26979763557254D+01   0.28877867502638D+01   0.31323586456493D+01
 
  440.0000000   0.21528074323202D+01   0.22150754311108D+01   0.22934462611780D+01   0.23911090679733D+01   0.25123123164113D+01   0.26628215786842D+01   0.28505343736440D+01   0.30915243760026D+01
 
  440.0000000   0.21115381838646D+01   0.21734125047425D+01   0.22512641591882D+01   0.23482825669199D+01   0.24685845670397D+01   0.26176722503057D+01   0.28029799220756D+01   0.30396612119756D+01
 
  440.0000000   0.20708914503661D+01   0.21320982833480D+01   0.22090024848621D+01   0.23048975303025D+01   0.24236674533956D+01   0.25703134690327D+01   0.27513889269171D+01   0.29804213556751D+01
 
  440.0000000   0.20402681098277D+01   0.21005532891190D+01   0.21761415526870D+01   0.22703660022139D+01   0.23867687363701D+01   0.25296821361053D+01   0.27045247834072D+01   0.29226670499970D+01
 
  440.0000000   0.20057329905956D+01   0.20653021105946D+01   0.21398094498855D+01   0.22325763034142D+01   0.23468582775858D+01   0.24864638198841D+01   0.26559517298340D+01   0.28648425726862D+01
 
  440.0000000   0.19659488699236D+01   0.20247342697856D+01   0.20980507570430D+01   0.21892500186670D+01   0.23013825935675D+01   0.24378820559378D+01   0.26027036938109D+01   0.28039367196847D+01
 
  440.0000000   0.19237147183889D+01   0.19813025045706D+01   0.20529282138045D+01   0.21419413374061D+01   0.22511722844952D+01   0.23836699956974D+01   0.25427824932685D+01   0.27351738968532D+01
 
  440.0000000   0.18759666903727D+01   0.19320041794715D+01   0.20015123926333D+01   0.20877818495687D+01   0.21933840594895D+01   0.23209396825152D+01   0.24731357372969D+01   0.26550587085952D+01
 
  440.0000000   0.18223849025623D+01   0.18764330285186D+01   0.19432499065830D+01   0.20260354253554D+01   0.21270619899810D+01   0.22484723107271D+01   0.23922327450041D+01   0.25616651829693D+01
 
  440.0000000   0.17614020840221D+01   0.18128704637491D+01   0.18762154105314D+01   0.19544957153700D+01   0.20496438422800D+01   0.21632897326912D+01   0.22966568977102D+01   0.24511162288241D+01
 
  440.0000000   0.16903526055676D+01   0.17384264877487D+01   0.17972316851544D+01   0.18695877082366D+01   0.19570477588949D+01   0.20607272136884D+01   0.21811594727621D+01   0.23176231740225D+01
 
  440.0000000   0.16049557260626D+01   0.16484941426947D+01   0.17012991471259D+01   0.17657984766548D+01   0.18431188715416D+01   0.19338755363141D+01   0.20380118066743D+01   0.21526933192902D+01
 
  440.0000000   0.14982792184336D+01   0.15356563791947D+01   0.15804370241307D+01   0.16344449869922D+01   0.16983226909809D+01   0.17722104400588D+01   0.18555989706014D+01   0.19437665926070D+01
 
  440.0000000   0.13592224477064D+01   0.13880527357097D+01   0.14219023229219D+01   0.14617326069287D+01   0.15076375225956D+01   0.15593187631579D+01   0.16159837217547D+01   0.16716988176993D+01
 
  440.0000000   0.12001174283471D+01   0.12187061338778D+01   0.12396260992610D+01   0.12629344838053D+01   0.12881447181082D+01   0.13144912742290D+01   0.13408858884837D+01   0.13612131867868D+01
 
  440.0000000   0.10364134497707D+01   0.10480700888617D+01   0.10603110293705D+01   0.10727006264568D+01   0.10843657025982D+01   0.10941660857194D+01   0.11006761211625D+01   0.10984075474918D+01
 
  440.0000000   0.92176482415847D+00   0.93087710688600D+00   0.94000937025174D+00   0.94858436381761D+00   0.95560725053880D+00   0.95980313494142D+00   0.95959636179477D+00   0.95020483288041D+00
 
  440.0000000   0.85559204542055D+00   0.86287989180773D+00   0.86985876537028D+00   0.87587999118746D+00   0.87992376226804D+00   0.88070469314270D+00   0.87665270093233D+00   0.86353288526385D+00
 
  440.0000000   0.78046016826119D+00   0.78574002448571D+00   0.79037682878348D+00   0.79370990047044D+00   0.79473813625869D+00   0.79221212180151D+00   0.78462031273243D+00   0.76832445990866D+00
 
  440.0000000   0.69594285064267D+00   0.69898980473484D+00   0.70104888111406D+00   0.70148840161280D+00   0.69936698746734D+00   0.69352153033393D+00   0.68256274019486D+00   0.66351760988630D+00
 
  440.0000000   0.59799885462376D+00   0.59844403032406D+00   0.59753487905491D+00   0.59470794552000D+00   0.58913286882825D+00   0.57980015026788D+00   0.56553080926778D+00   0.54413451659003D+00
 
  440.0000000   0.54488883272358D+00   0.54391454036650D+00   0.54139545299819D+00   0.53681251720478D+00   0.52940596080617D+00   0.51826329002187D+00   0.50233733305044D+00   0.47986716914385D+00
