60.60 9.0000e-06
58.60 9.0000e-06
56.50 1.5000e-05
54.40 2.8000e-05
52.20 5.2000e-05
50.00 1.0340e-05
47.70 2.1150e-04
45.50 4.4240e-04
43.30 9.1800e-04
41.10 1.7930e-03
39.00 3.1200e-03
36.90 4.5620e-03
34.80 5.5540e-03
32.80 5.7670e-03
30.90 5.1500e-03
29.00 4.0140e-03
27.10 2.7200e-03
25.20 1.7090e-03
23.40 1.0170e-03
21.50 5.5400e-04
19.70 1.9260e-04
17.90 5.2600e-05
16.10 2.7100e-05
14.40 1.8000e-05
12.50 1.2190e-05
10.70 1.0000e-10
10.0 1.82549e-12
9.9 2.01748e-12
9.8 2.22966e-12
9.7 2.46415e-12
9.6 2.72331e-12
9.5 3.00972e-12
9.4 3.32626e-12
9.3 3.67608e-12
9.2 4.06270e-12
9.1 4.48998e-12
9.0 4.96219e-12
8.9 5.48407e-12
8.8 6.06084e-12
8.7 6.69826e-12
8.6 7.40272e-12
8.5 8.18127e-12
8.4 9.04171e-12
8.3 9.99263e-12
8.2 1.10436e-11
8.1 1.22050e-11
8.0 1.34886e-11
7.9 1.49073e-11
7.8 1.64751e-11
7.7 1.82078e-11
7.6 2.01227e-11
7.5 2.22390e-11
7.4 2.45779e-11
7.3 2.71628e-11
7.2 3.00195e-11
7.1 3.31767e-11
7.0 3.66659e-11
6.9 4.05221e-11
6.8 4.47839e-11
6.7 4.94938e-11
6.6 5.46991e-11
6.5 6.04519e-11
6.4 6.68097e-11
6.3 7.38361e-11
6.2 8.16015e-11
6.1 9.01836e-11
6.0 9.96683e-11
5.9 1.10151e-10
5.8 1.21735e-10
5.7 1.34538e-10
5.6 1.48688e-10
5.5 1.64325e-10
5.4 1.81608e-10
5.3 2.00707e-10
5.2 2.21816e-10
5.1 2.45145e-10
5.0 2.70927e-10
4.9 2.99420e-10
4.8 3.30911e-10
4.7 3.65713e-10
4.6 4.04175e-10
4.5 4.46682e-10
4.4 4.93660e-10
4.3 5.45579e-10
4.2 6.02958e-10
4.1 6.66372e-10
4.0 7.36455e-10
3.9 8.13909e-10
3.8 2.26881e-09
3.7 2.36341e-09
3.6 2.46796e-09
3.5 1.21421e-09
3.4 1.34191e-09
3.3 1.48304e-09
3.2 1.63901e-09
3.1 1.81139e-09
3.0 2.00189e-09
2.9 2.21243e-09
2.8 2.44512e-09
2.7 2.70227e-09
2.6 2.98647e-09
2.5 3.30056e-09
2.4 3.64769e-09
2.3 4.03132e-09
2.2 4.45529e-09
2.1 4.92386e-09
2.0 5.44171e-09
1.9 6.01402e-09
1.8 6.64652e-09
1.7 7.34554e-09
1.6 8.11807e-09
1.5 8.97186e-09
1.4 9.91544e-09
