 #  SCIATRAN 2.2 (DOM, spherical mode)
 #  Height resolved air mass factors for no2
 #  Spectral range:  440.000 -  440.000
 #  The number of spectral points:    1
 #  The number of altitude levels:  44
    10.000     9.800     9.600     9.400     9.200     9.000     8.800     8.600     8.400     8.200     8.000     7.800     7.600     7.400     7.200     7.000     6.800     6.600     6.400     6.200     6.000     5.800     5.600     5.400     5.200     5.000     4.800     4.600     4.400     4.200     4.000     3.800     3.600     3.400     3.200     3.000     2.800     2.600     2.400     2.200     2.000     1.800     1.600     1.400
 
  440.0000000   0.11085975263578D+01   0.11603736338826D+01   0.12270981558509D+01   0.13124801643684D+01   0.14219280212640D+01   0.15633435975681D+01   0.17485497764372D+01   0.20003652653748D+01
 
  440.0000000   0.11150811466760D+01   0.11671434904716D+01   0.12342035272658D+01   0.13199620468930D+01   0.14298227496591D+01   0.15716835996346D+01   0.17573643175294D+01   0.20096824431638D+01
 
  440.0000000   0.11277000701632D+01   0.11803144653155D+01   0.12480210513343D+01   0.13345037674164D+01   0.14451566182245D+01   0.15878691566566D+01   0.17744537478945D+01   0.20277222761079D+01
 
  440.0000000   0.11397308445322D+01   0.11928622147670D+01   0.12611732528127D+01   0.13483304605069D+01   0.14597174379677D+01   0.16032142212148D+01   0.17906239415436D+01   0.20447467412014D+01
 
  440.0000000   0.11513681025564D+01   0.12049916994919D+01   0.12738773846019D+01   0.13616736044880D+01   0.14737529097990D+01   0.16179848738435D+01   0.18061618462194D+01   0.20610671185317D+01
 
  440.0000000   0.11627656533428D+01   0.12168648628134D+01   0.12863050686366D+01   0.13747160113045D+01   0.14874585948537D+01   0.16323911096734D+01   0.18212938383601D+01   0.20769288531913D+01
 
  440.0000000   0.11740448918815D+01   0.12286095148582D+01   0.12985917503190D+01   0.13876019540075D+01   0.15009888255555D+01   0.16465986555680D+01   0.18361985897949D+01   0.20925256883210D+01
 
  440.0000000   0.11853034770058D+01   0.12403284537591D+01   0.13108463435996D+01   0.14004474143191D+01   0.15144676335349D+01   0.16607406568584D+01   0.18510195952802D+01   0.21080131426523D+01
 
  440.0000000   0.11966228580092D+01   0.12521073710034D+01   0.13231595831283D+01   0.14133489465216D+01   0.15279981887368D+01   0.16749277548991D+01   0.18658759536843D+01   0.21235200782784D+01
 
  440.0000000   0.12080735217428D+01   0.12640203980390D+01   0.13356099315766D+01   0.14263900113356D+01   0.15416696326641D+01   0.16892555039159D+01   0.18808704724739D+01   0.21391576467704D+01
 
  440.0000000   0.12197184619858D+01   0.12761337740806D+01   0.13482674832991D+01   0.14396451550877D+01   0.15555615745972D+01   0.17038092287353D+01   0.18960949368262D+01   0.21550250395907D+01
 
  440.0000000   0.12316181161974D+01   0.12885110700663D+01   0.13611995352253D+01   0.14531859934261D+01   0.15697505623598D+01   0.17186710699920D+01   0.19116378388073D+01   0.21712180622365D+01
 
  440.0000000   0.12438376694071D+01   0.13012208527777D+01   0.13744786749232D+01   0.14670897846415D+01   0.15843192009736D+01   0.17339297079170D+01   0.19275947677049D+01   0.21878402617584D+01
 
  440.0000000   0.12564561841388D+01   0.13143462690750D+01   0.13881929020830D+01   0.14814501746782D+01   0.15993676040956D+01   0.17496925959325D+01   0.19440814907886D+01   0.22050169338469D+01
 
  440.0000000   0.12695775472514D+01   0.13279965975906D+01   0.14024579298220D+01   0.14963904286283D+01   0.16150277183189D+01   0.17661014854621D+01   0.19612506887015D+01   0.22229131597392D+01
 
  440.0000000   0.12833464666668D+01   0.13423241194142D+01   0.14174351445385D+01   0.15120825967280D+01   0.16314838216057D+01   0.17833544420402D+01   0.19793157904579D+01   0.22417598653677D+01
 
  440.0000000   0.12979762478613D+01   0.13575533776443D+01   0.14333626113799D+01   0.15287804089012D+01   0.16490075396767D+01   0.18017434509410D+01   0.19985920565803D+01   0.22618993967902D+01
 
  440.0000000   0.13137959887193D+01   0.13740307679511D+01   0.14506072764157D+01   0.15468747940396D+01   0.16680174494698D+01   0.18217187939624D+01   0.20195662261869D+01   0.22838609784585D+01
 
  440.0000000   0.13313298596832D+01   0.13923080445131D+01   0.14697537221432D+01   0.15669890109936D+01   0.16891815626236D+01   0.18439994998579D+01   0.20430149236246D+01   0.23084873238014D+01
 
  440.0000000   0.13524697566373D+01   0.14143971683142D+01   0.14929641588482D+01   0.15914657157157D+01   0.17150590438728D+01   0.18714071299151D+01   0.20720831227329D+01   0.23393291995438D+01
 
  440.0000000   0.18694513787581D+01   0.19325542561953D+01   0.20125093809815D+01   0.21125798522284D+01   0.22379013291929D+01   0.23961084707999D+01   0.25987302065866D+01   0.28678852861995D+01
 
  440.0000000   0.23701508998040D+01   0.24344141931168D+01   0.25157156051225D+01   0.26172876473268D+01   0.27442102217086D+01   0.29040195666922D+01   0.31080728401425D+01   0.33780974261655D+01
 
  440.0000000   0.23582812034856D+01   0.24234587787751D+01   0.25057913020800D+01   0.26084939660162D+01   0.27365661785010D+01   0.28973919944112D+01   0.31020612029991D+01   0.33717216077690D+01
 
  440.0000000   0.23412273315320D+01   0.24070527644114D+01   0.24900878636497D+01   0.25935428754670D+01   0.27223216931682D+01   0.28836228529118D+01   0.30882115697405D+01   0.33565685952466D+01
 
  440.0000000   0.23203512688953D+01   0.23866381454307D+01   0.24701489930667D+01   0.25740978918697D+01   0.27032783010096D+01   0.28646707953772D+01   0.30686604320162D+01   0.33349871052101D+01
 
  440.0000000   0.22963664891768D+01   0.23629695922506D+01   0.24467814324221D+01   0.25510245211336D+01   0.26803673395591D+01   0.28415423243445D+01   0.30445031740834D+01   0.33081794242035D+01
 
  440.0000000   0.22695974888473D+01   0.23363882889966D+01   0.24203448265625D+01   0.25247021862244D+01   0.26539900621405D+01   0.28146644571385D+01   0.30162000273511D+01   0.32766435914434D+01
 
  440.0000000   0.22401450266530D+01   0.23069951451947D+01   0.23909328014051D+01   0.24952198974409D+01   0.26242339334438D+01   0.27841233112700D+01   0.29838301964868D+01   0.32404365035122D+01
 
  440.0000000   0.22079554758168D+01   0.22747291499272D+01   0.23584749292015D+01   0.24624929997260D+01   0.25909933334522D+01   0.27497834443207D+01   0.29472170291928D+01   0.31993222574791D+01
 
  440.0000000   0.21728532035282D+01   0.22394050049844D+01   0.23227894119620D+01   0.24263224497772D+01   0.25540264308828D+01   0.27113397536031D+01   0.29059857978241D+01   0.31528540008100D+01
 
  440.0000000   0.21345777967716D+01   0.22007441978019D+01   0.22835854842663D+01   0.23863817135288D+01   0.25129446322298D+01   0.26683229864845D+01   0.28595863047115D+01   0.31004009014969D+01
 
  440.0000000   0.20927931127260D+01   0.21583783707372D+01   0.22404438673560D+01   0.23421891840300D+01   0.24671936714363D+01   0.26200967267734D+01   0.28072925453749D+01   0.30411266960193D+01
 
  440.0000000   0.20470518870855D+01   0.21118149311715D+01   0.21927933286601D+01   0.22930916283922D+01   0.24160366506929D+01   0.25658318232775D+01   0.27481606625063D+01   0.29739303527334D+01
 
  440.0000000   0.19967393100169D+01   0.20603815720768D+01   0.21398674814666D+01   0.22382203963030D+01   0.23584961458198D+01   0.25044296322145D+01   0.26809468030019D+01   0.28973810768170D+01
 
  440.0000000   0.19410108412780D+01   0.20031624294862D+01   0.20806450147127D+01   0.21764298508493D+01   0.22932841784088D+01   0.24344400508532D+01   0.26040167426761D+01   0.28096294005872D+01
 
  440.0000000   0.18787106549558D+01   0.19389120858520D+01   0.20137614855338D+01   0.21062046352776D+01   0.22187017711615D+01   0.23539502446893D+01   0.25152213998086D+01   0.27082722702425D+01
 
  440.0000000   0.18082609736130D+01   0.18659381345067D+01   0.19373831268795D+01   0.20255200730868D+01   0.21324832176967D+01   0.22604151537189D+01   0.24117249548318D+01   0.25901949465943D+01
 
  440.0000000   0.17274791809208D+01   0.17819079682703D+01   0.18489993911685D+01   0.19316166884830D+01   0.20315511139753D+01   0.21503962044298D+01   0.22897381629326D+01   0.24513158234126D+01
 
  440.0000000   0.16332859038710D+01   0.16835416473825D+01   0.17450999164627D+01   0.18206751551288D+01   0.19116973742361D+01   0.20192379238187D+01   0.21441460317118D+01   0.22861297893469D+01
 
  440.0000000   0.15212576429371D+01   0.15661385222100D+01   0.16206716865049D+01   0.16872910456041D+01   0.17670395722890D+01   0.18604985733067D+01   0.19678840725746D+01   0.20870154096189D+01
 
  440.0000000   0.13847244446312D+01   0.14226288975871D+01   0.14681917172091D+01   0.15233890897117D+01   0.15888473874312D+01   0.16647021085250D+01   0.17506675459219D+01   0.18430171425941D+01
 
  440.0000000   0.12124454545653D+01   0.12411192067735D+01   0.12750141621395D+01   0.13154353660915D+01   0.13625653308184D+01   0.14161558784378D+01   0.14755834637208D+01   0.15362377533579D+01
 
  440.0000000   0.97417942659162D+00   0.98958783767931D+00   0.10070046958512D+01   0.10268550730258D+01   0.10488425731443D+01   0.10723768468356D+01   0.10966159505914D+01   0.11173971540415D+01
 
  440.0000000   0.83278619829627D+00   0.84021193721627D+00   0.84777931015481D+00   0.85542539355356D+00   0.86260322585607D+00   0.86855495282635D+00   0.87234566098860D+00   0.87048733052635D+00
