 #  SCIATRAN 2.2 (DOM, spherical mode)
 #  Height resolved air mass factors for no2
 #  Spectral range:  440.000 -  440.000
 #  The number of spectral points:    1
 #  The number of altitude levels:  51
    10.000     9.800     9.600     9.400     9.200     9.000     8.800     8.600     8.400     8.200     8.000     7.800     7.600     7.400     7.200     7.000     6.800     6.600     6.400     6.200     6.000     5.800     5.600     5.400     5.200     5.000     4.800     4.600     4.400     4.200     4.000     3.800     3.600     3.400     3.200     3.000     2.800     2.600     2.400     2.200     2.000     1.800     1.600     1.400     1.200     1.000     0.800     0.600     0.400     0.200     0.000
 
  440.0000000   0.11026574440521D+01   0.11538502069001D+01   0.12198695787064D+01   0.13041558683046D+01   0.14121271812869D+01   0.15519419468028D+01   0.17361149794429D+01   0.19863883520074D+01
 
  440.0000000   0.11079357214824D+01   0.11593834631803D+01   0.12257131940364D+01   0.13103667147067D+01   0.14187676963834D+01   0.15590828537118D+01   0.17438383909155D+01   0.19947907556869D+01
 
  440.0000000   0.11181758306000D+01   0.11701130422437D+01   0.12370381681631D+01   0.13223951671568D+01   0.14316177292371D+01   0.15728875233033D+01   0.17587510836953D+01   0.20109884567046D+01
 
  440.0000000   0.11278740399316D+01   0.11802651052249D+01   0.12477415784256D+01   0.13337480824185D+01   0.14437263407917D+01   0.15858700955909D+01   0.17727418442087D+01   0.20261359349885D+01
 
  440.0000000   0.11371929867428D+01   0.11900118523862D+01   0.12580073989043D+01   0.13446236968504D+01   0.14553089446050D+01   0.15982667044992D+01   0.17860720178119D+01   0.20405260221201D+01
 
  440.0000000   0.11462599182899D+01   0.11994879877901D+01   0.12679795138942D+01   0.13551770113695D+01   0.14665339253965D+01   0.16102618741411D+01   0.17989457614314D+01   0.20543873710487D+01
 
  440.0000000   0.11551738081167D+01   0.12087982804159D+01   0.12777698301716D+01   0.13655285802375D+01   0.14775322546435D+01   0.16219991474452D+01   0.18115219259984D+01   0.20678979462325D+01
 
  440.0000000   0.11640125370197D+01   0.12180251518321D+01   0.12874663626640D+01   0.13757731972124D+01   0.14884068947188D+01   0.16335913465153D+01   0.18239253405999D+01   0.20811975578516D+01
 
  440.0000000   0.11728389821962D+01   0.12272351047303D+01   0.12971400779183D+01   0.13859872382454D+01   0.14992407368306D+01   0.16451292179578D+01   0.18362562997307D+01   0.20943983688738D+01
 
  440.0000000   0.11817051246330D+01   0.12364830917374D+01   0.13068495879469D+01   0.13962337567451D+01   0.15101021906436D+01   0.16566876337772D+01   0.18485975293006D+01   0.21075928540327D+01
 
  440.0000000   0.11906545499302D+01   0.12458151780670D+01   0.13166440092148D+01   0.14065655856129D+01   0.15210485848815D+01   0.16683293564194D+01   0.18610183957940D+01   0.21208585656852D+01
 
  440.0000000   0.11997258873867D+01   0.12552721727331D+01   0.13265667322976D+01   0.14170293748721D+01   0.15321306449760D+01   0.16801101329052D+01   0.18735807669865D+01   0.21342649480069D+01
 
  440.0000000   0.12089574205031D+01   0.12648945168289D+01   0.13366607349870D+01   0.14276713429725D+01   0.15433986830279D+01   0.16920853510909D+01   0.18863462287789D+01   0.21478812635049D+01
 
  440.0000000   0.12183922266730D+01   0.12747277750757D+01   0.13469747306824D+01   0.14385440838622D+01   0.15549100003004D+01   0.17043179598088D+01   0.18993844587129D+01   0.21617854496463D+01
 
  440.0000000   0.12280838056746D+01   0.12848285737801D+01   0.13575693433728D+01   0.14497131355489D+01   0.15667360842769D+01   0.17168865890806D+01   0.19127826296909D+01   0.21760752449014D+01
 
  440.0000000   0.12381036285154D+01   0.12952725733047D+01   0.13685254638731D+01   0.14612658424424D+01   0.15789721980162D+01   0.17298962215416D+01   0.19266577310279D+01   0.21908828110191D+01
 
  440.0000000   0.12485543052572D+01   0.13061684409264D+01   0.13799592561726D+01   0.14733277386467D+01   0.15917554926462D+01   0.17434983255020D+01   0.19411788568127D+01   0.22063994307713D+01
 
  440.0000000   0.12595916577740D+01   0.13176812885806D+01   0.13920474627189D+01   0.14860902138876D+01   0.16052955064245D+01   0.17579245724607D+01   0.19566043252046D+01   0.22229165052026D+01
 
  440.0000000   0.12714613270176D+01   0.13300717109499D+01   0.14050701354369D+01   0.14998571678067D+01   0.16199249624314D+01   0.17735423773443D+01   0.19733433647436D+01   0.22408956355573D+01
 
  440.0000000   0.12855814088358D+01   0.13448561403159D+01   0.14206711199108D+01   0.15164307209744D+01   0.16376445862362D+01   0.17926072337301D+01   0.19939873905083D+01   0.22633779918079D+01
 
  440.0000000   0.17988000052966D+01   0.18588662778902D+01   0.19356508930834D+01   0.20325625052229D+01   0.21551267106347D+01   0.23116559369353D+01   0.25148314898439D+01   0.27862017480246D+01
 
  440.0000000   0.23053119585142D+01   0.23661097566909D+01   0.24437681325872D+01   0.25417007137534D+01   0.26654231399859D+01   0.28232122127450D+01   0.30276606219950D+01   0.33000551072095D+01
 
  440.0000000   0.23062264087085D+01   0.23675834083140D+01   0.24458846901468D+01   0.25445557818529D+01   0.26690766234203D+01   0.28276358006723D+01   0.30326438813771D+01   0.33049529525517D+01
 
  440.0000000   0.23045744139720D+01   0.23663234679974D+01   0.24450529421732D+01   0.25442060095902D+01   0.26692055259880D+01   0.28281085567234D+01   0.30330683721060D+01   0.33043960941424D+01
 
  440.0000000   0.23011607600476D+01   0.23631873186773D+01   0.24421995575921D+01   0.25416613087269D+01   0.26669209838619D+01   0.28258689925290D+01   0.30303398718730D+01   0.33000180112272D+01
 
  440.0000000   0.22963770331455D+01   0.23585890883988D+01   0.24377628647514D+01   0.25373908975367D+01   0.26627335608845D+01   0.28214848152990D+01   0.30251074822369D+01   0.32925776747282D+01
 
  440.0000000   0.22903827865893D+01   0.23526954439849D+01   0.24319159361442D+01   0.25315771477597D+01   0.26568387207986D+01   0.28151686368832D+01   0.30176048994423D+01   0.32823320210597D+01
 
  440.0000000   0.22831932694503D+01   0.23455228376045D+01   0.24246854720719D+01   0.25242496509112D+01   0.26492587520760D+01   0.28069267353094D+01   0.30078194328308D+01   0.32692503659312D+01
 
  440.0000000   0.22746994550556D+01   0.23369576075352D+01   0.24159653326332D+01   0.25152947195030D+01   0.26398538781615D+01   0.27965799925306D+01   0.29955341792307D+01   0.32530869477982D+01
 
  440.0000000   0.22645028808424D+01   0.23265812125576D+01   0.24053195510207D+01   0.25042472028022D+01   0.26281165707052D+01   0.27835690209408D+01   0.29801380244641D+01   0.32331853418834D+01
 
  440.0000000   0.22523366108657D+01   0.23142288261234D+01   0.23927355113669D+01   0.24912684645793D+01   0.26143886474155D+01   0.27683999921813D+01   0.29622462107078D+01   0.32101060754889D+01
 
  440.0000000   0.22415184832430D+01   0.23029369072090D+01   0.23808232075022D+01   0.24784049556378D+01   0.25999314831933D+01   0.27511652496032D+01   0.29401168235479D+01   0.31790786318295D+01
 
  440.0000000   0.22329528938682D+01   0.22934270773950D+01   0.23699215743851D+01   0.24655664105804D+01   0.25842200282231D+01   0.27309363501346D+01   0.29125129122221D+01   0.31387182433438D+01
 
  440.0000000   0.22215816730120D+01   0.22811194449910D+01   0.23560889980327D+01   0.24496872248915D+01   0.25654785571016D+01   0.27079539563909D+01   0.28829571769705D+01   0.30980584024198D+01
 
  440.0000000   0.22051399225312D+01   0.22636461471043D+01   0.23369643192577D+01   0.24283814718622D+01   0.25412380714520D+01   0.26796018631521D+01   0.28486208348143D+01   0.30541389919945D+01
 
  440.0000000   0.21844519174603D+01   0.22415423978438D+01   0.23127506172764D+01   0.24013754558377D+01   0.25105058599521D+01   0.26437758343826D+01   0.28056469132581D+01   0.30002754712454D+01
 
  440.0000000   0.21598642610263D+01   0.22152070658729D+01   0.22838933750708D+01   0.23691598596669D+01   0.24738107992970D+01   0.26010258357089D+01   0.27545746278418D+01   0.29368636702346D+01
 
  440.0000000   0.21309184727693D+01   0.21841196266204D+01   0.22497825489528D+01   0.23310100979951D+01   0.24302863766043D+01   0.25503138918683D+01   0.26941653119799D+01   0.28624455814640D+01
 
  440.0000000   0.20966138847173D+01   0.21471908764731D+01   0.22092158803676D+01   0.22855747954691D+01   0.23783933870615D+01   0.24898776033409D+01   0.26224105517116D+01   0.27747756252747D+01
 
  440.0000000   0.20555217817165D+01   0.21028769141996D+01   0.21605077215806D+01   0.22309816737597D+01   0.23160252228882D+01   0.24173345095190D+01   0.25366294887951D+01   0.26709041005992D+01
 
  440.0000000   0.20056423233878D+01   0.20490251952834D+01   0.21013210821986D+01   0.21646591114844D+01   0.22403211492648D+01   0.23294831569504D+01   0.24332411192854D+01   0.25469071719431D+01
 
  440.0000000   0.19441530540838D+01   0.19826020460249D+01   0.20283671602355D+01   0.20830058882228D+01   0.21473039542748D+01   0.22219030464060D+01   0.23073140272220D+01   0.23973788318099D+01
 
  440.0000000   0.18672233836860D+01   0.18994582166508D+01   0.19371022672880D+01   0.19810029927343D+01   0.20313855697835D+01   0.20883241655076D+01   0.21517555392901D+01   0.22144118841659D+01
 
  440.0000000   0.17808168380419D+01   0.18060259229876D+01   0.18345662432083D+01   0.18665838712285D+01   0.19017035824865D+01   0.19393560877849D+01   0.19787826179354D+01   0.20120857773204D+01
 
  440.0000000   0.16980565698137D+01   0.17181266911954D+01   0.17400496765235D+01   0.17635430721464D+01   0.17877880542415D+01   0.18116817508195D+01   0.18338111260566D+01   0.18462181056175D+01
 
  440.0000000   0.16370828173557D+01   0.16546203474797D+01   0.16733452532893D+01   0.16927849306585D+01   0.17119197042528D+01   0.17293935814886D+01   0.17434634345515D+01   0.17464519394707D+01
 
  440.0000000   0.15906172851574D+01   0.16061959106054D+01   0.16225125780646D+01   0.16389689626623D+01   0.16544426655258D+01   0.16674606679352D+01   0.16761391419838D+01   0.16731325140425D+01
 
  440.0000000   0.15383947746492D+01   0.15518614617026D+01   0.15656029575574D+01   0.15789275835061D+01   0.15906367065871D+01   0.15991719030641D+01   0.16025500642739D+01   0.15938080821334D+01
 
  440.0000000   0.14798524540502D+01   0.14910068770376D+01   0.15019507123414D+01   0.15119177237044D+01   0.15196553834047D+01   0.15235504557732D+01   0.15215640851890D+01   0.15071820902312D+01
 
  440.0000000   0.14120082073508D+01   0.14205144735218D+01   0.14282838737656D+01   0.14344961056414D+01   0.14378675043484D+01   0.14367587819743D+01   0.14291131651762D+01   0.14089644275894D+01
 
  440.0000000   0.13751979665650D+01   0.13822718233662D+01   0.13883323205934D+01   0.13925386905575D+01   0.13935974988917D+01   0.13898626811686D+01   0.13792754651850D+01   0.13561736914289D+01
