 #  SCIATRAN 2.2 (DOM, spherical mode)
 #  Height resolved air mass factors for no2
 #  Spectral range:  440.000 -  440.000
 #  The number of spectral points:    1
 #  The number of altitude levels:  51
    10.000     9.800     9.600     9.400     9.200     9.000     8.800     8.600     8.400     8.200     8.000     7.800     7.600     7.400     7.200     7.000     6.800     6.600     6.400     6.200     6.000     5.800     5.600     5.400     5.200     5.000     4.800     4.600     4.400     4.200     4.000     3.800     3.600     3.400     3.200     3.000     2.800     2.600     2.400     2.200     2.000     1.800     1.600     1.400     1.200     1.000     0.800     0.600     0.400     0.200     0.000
 
  440.0000000   0.10935681609944D+01   0.11443862154595D+01   0.12098826090592D+01   0.12940537424637D+01   0.14021716948690D+01   0.15415889132049D+01   0.17227872468528D+01   0.19675682008948D+01
 
  440.0000000   0.10993949025023D+01   0.11504765912398D+01   0.12162841104819D+01   0.13008095024436D+01   0.14093223382875D+01   0.15491723772550D+01   0.17308379793503D+01   0.19761261014338D+01
 
  440.0000000   0.11107214165526D+01   0.11623107245973D+01   0.12287167980194D+01   0.13139224387082D+01   0.14231916946901D+01   0.15638682722901D+01   0.17464225401568D+01   0.19926685388545D+01
 
  440.0000000   0.11214929427297D+01   0.11735559762900D+01   0.12405196858381D+01   0.13263566359258D+01   0.14363244122660D+01   0.15777594265247D+01   0.17611222119876D+01   0.20082269465632D+01
 
  440.0000000   0.11318868214397D+01   0.11843993569705D+01   0.12518913711948D+01   0.13383242779514D+01   0.14489483938882D+01   0.15910917967055D+01   0.17752036656240D+01   0.20230925962257D+01
 
  440.0000000   0.11420428269742D+01   0.11949882365712D+01   0.12629883233799D+01   0.13499924928602D+01   0.14612430864184D+01   0.16040589662466D+01   0.17888766952764D+01   0.20374945033751D+01
 
  440.0000000   0.11520708972982D+01   0.12054385216183D+01   0.12739336017219D+01   0.13614927156333D+01   0.14733496034614D+01   0.16168131591410D+01   0.18023062788580D+01   0.20516127733882D+01
 
  440.0000000   0.11620590487368D+01   0.12158429853638D+01   0.12848256803372D+01   0.13729300892012D+01   0.14853807866609D+01   0.16294760481485D+01   0.18156242233937D+01   0.20655912123938D+01
 
  440.0000000   0.11720802209994D+01   0.12262784665562D+01   0.12957460673556D+01   0.13843915715618D+01   0.14974298691180D+01   0.16421480441664D+01   0.18289391516163D+01   0.20795481092217D+01
 
  440.0000000   0.11821970782825D+01   0.12368109510882D+01   0.13067647267736D+01   0.13959517638852D+01   0.15095767842351D+01   0.16549151727561D+01   0.18423440528907D+01   0.20935846239592D+01
 
  440.0000000   0.11924652126227D+01   0.12474989626529D+01   0.13179436935492D+01   0.14076767898110D+01   0.15218923517845D+01   0.16678536134172D+01   0.18559212279988D+01   0.21077902150613D+01
 
  440.0000000   0.12029376954007D+01   0.12583983701756D+01   0.13293421531946D+01   0.14196297358574D+01   0.15344441861493D+01   0.16810361881111D+01   0.18697494685971D+01   0.21222506646551D+01
 
  440.0000000   0.12136717091520D+01   0.12695693385993D+01   0.13410237296183D+01   0.14318783612755D+01   0.15473049228754D+01   0.16945411914381D+01   0.18839135551395D+01   0.21370583110182D+01
 
  440.0000000   0.12247366888038D+01   0.12810849281883D+01   0.13530657656440D+01   0.14445050511301D+01   0.15605628052154D+01   0.17084636045587D+01   0.18985161813826D+01   0.21523248321668D+01
 
  440.0000000   0.12362242296321D+01   0.12930415801806D+01   0.13655705856889D+01   0.14576189264485D+01   0.15743347069206D+01   0.17229291350004D+01   0.19136932000651D+01   0.21681979924408D+01
 
  440.0000000   0.12482628280665D+01   0.13055745979581D+01   0.13786817072350D+01   0.14713730420049D+01   0.15887846203719D+01   0.17381142851674D+01   0.19296354992223D+01   0.21848855837333D+01
 
  440.0000000   0.12610432271582D+01   0.13188848386388D+01   0.13926121094772D+01   0.14859945342602D+01   0.16041560165117D+01   0.17542812847849D+01   0.19466269035070D+01   0.22026968247001D+01
 
  440.0000000   0.12748611928522D+01   0.13332837765809D+01   0.14076920979867D+01   0.15018357062497D+01   0.16208265851284D+01   0.17718369864892D+01   0.19651078470755D+01   0.22221116619401D+01
 
  440.0000000   0.12901899141359D+01   0.13492697465219D+01   0.14244501852839D+01   0.15194603914086D+01   0.16394009408912D+01   0.17914327618422D+01   0.19857832732900D+01   0.22438978315760D+01
 
  440.0000000   0.13082888590216D+01   0.13681778599135D+01   0.14443147536159D+01   0.15404082694612D+01   0.16615514758650D+01   0.18149007771098D+01   0.20106808914045D+01   0.22703274721984D+01
 
  440.0000000   0.18224215875320D+01   0.18832425817029D+01   0.19604740864888D+01   0.20577932607164D+01   0.21802728660741D+01   0.23350435895729D+01   0.25322895630909D+01   0.27933361309480D+01
 
  440.0000000   0.23226412914532D+01   0.23843057576839D+01   0.24625013904420D+01   0.25608564710950D+01   0.26843904860565D+01   0.28401520300625D+01   0.30381875925378D+01   0.32994735505143D+01
 
  440.0000000   0.23122970107829D+01   0.23745745362139D+01   0.24534412105735D+01   0.25524751373642D+01   0.26766223549034D+01   0.28328117869901D+01   0.30308877980393D+01   0.32913237838075D+01
 
  440.0000000   0.22976170128600D+01   0.23602936544319D+01   0.24395687122662D+01   0.25389775596863D+01   0.26633861005535D+01   0.28195880999273D+01   0.30171988048970D+01   0.32761326691326D+01
 
  440.0000000   0.22796113568598D+01   0.23425304016140D+01   0.24220218949345D+01   0.25215835257782D+01   0.26459951997728D+01   0.28019023361884D+01   0.29986681393730D+01   0.32555985776487D+01
 
  440.0000000   0.22588594582006D+01   0.23218964122631D+01   0.24014518955069D+01   0.25009926934011D+01   0.26252060616889D+01   0.27805732437230D+01   0.29761774614317D+01   0.32306671975884D+01
 
  440.0000000   0.22356580716709D+01   0.22987045512427D+01   0.23781923215424D+01   0.24775661098474D+01   0.26014116105997D+01   0.27560243697677D+01   0.29501695008839D+01   0.32017864209407D+01
 
  440.0000000   0.22100966757901D+01   0.22730491902028D+01   0.23523458170957D+01   0.24514146347141D+01   0.25747291071504D+01   0.27283754394156D+01   0.29207594408631D+01   0.31690560804182D+01
 
  440.0000000   0.21820332663859D+01   0.22447826891886D+01   0.23237642993128D+01   0.24223840312046D+01   0.25449900775001D+01   0.26974354078794D+01   0.28877265525295D+01   0.31322157436083D+01
 
  440.0000000   0.21508045563539D+01   0.22132127063875D+01   0.22917260572443D+01   0.23897182276438D+01   0.25113975197944D+01   0.26623580557877D+01   0.28501644244855D+01   0.30902940774406D+01
 
  440.0000000   0.21115260889935D+01   0.21735103924675D+01   0.22514426456798D+01   0.23487187302922D+01   0.24693778480260D+01   0.26186714372757D+01   0.28035674840886D+01   0.30384335797419D+01
 
  440.0000000   0.20720022444589D+01   0.21332323256800D+01   0.22101424365501D+01   0.23061278854767D+01   0.24249355382077D+01   0.25712494576091D+01   0.27510694000076D+01   0.29769693108689D+01
 
  440.0000000   0.20394213801349D+01   0.20995400938701D+01   0.21749516024149D+01   0.22689098883908D+01   0.23847587531284D+01   0.25264805963802D+01   0.26989275997272D+01   0.29123779542389D+01
 
  440.0000000   0.20031107947940D+01   0.20622661521674D+01   0.21362802765756D+01   0.22283235981259D+01   0.23414161874247D+01   0.24789865956026D+01   0.26450031304853D+01   0.28477520791599D+01
 
  440.0000000   0.19617711096425D+01   0.20198850730345D+01   0.20923334451439D+01   0.21823317173316D+01   0.22926704792192D+01   0.24263629012822D+01   0.25867180864208D+01   0.27804335460137D+01
 
  440.0000000   0.19171165273687D+01   0.19737524669763D+01   0.20440966351857D+01   0.21313793295904D+01   0.22381496410949D+01   0.23670030405517D+01   0.25206007262261D+01   0.27040731330483D+01
 
  440.0000000   0.18665476717149D+01   0.19213151018406D+01   0.19890781026947D+01   0.20730130984369D+01   0.21753959925514D+01   0.22983825496289D+01   0.24439740415736D+01   0.26156303842455D+01
 
  440.0000000   0.18095715448549D+01   0.18620000485449D+01   0.19265765909581D+01   0.20063604920407D+01   0.21033281712890D+01   0.22191885629124D+01   0.23553024088669D+01   0.25133537589568D+01
 
  440.0000000   0.17446793230774D+01   0.17941704671623D+01   0.18547906901762D+01   0.19294009219662D+01   0.20196509393342D+01   0.21268068309259D+01   0.22516361008355D+01   0.23939732933697D+01
 
  440.0000000   0.16695524930068D+01   0.17153328180757D+01   0.17710175186094D+01   0.18391678446989D+01   0.19210721776373D+01   0.20175551784781D+01   0.21288427480032D+01   0.22529148269952D+01
 
  440.0000000   0.15807526192559D+01   0.16218090686800D+01   0.16712990325777D+01   0.17313512835435D+01   0.18028539960775D+01   0.18862009184859D+01   0.19811536322338D+01   0.20839543575419D+01
 
  440.0000000   0.14731586021917D+01   0.15081402904231D+01   0.15497846604448D+01   0.15996166523892D+01   0.16580881376226D+01   0.17251971489383D+01   0.18003701157019D+01   0.18784280978966D+01
 
  440.0000000   0.13394295728582D+01   0.13664829918141D+01   0.13980428627867D+01   0.14348538056864D+01   0.14768914612874D+01   0.15237884608853D+01   0.15747587245156D+01   0.16238279380266D+01
 
  440.0000000   0.11932294307099D+01   0.12112211645479D+01   0.12313694755008D+01   0.12536513116982D+01   0.12775430286211D+01   0.13022670877527D+01   0.13267612300064D+01   0.13450503347716D+01
 
  440.0000000   0.10469544820462D+01   0.10588386017518D+01   0.10713475693858D+01   0.10840398094806D+01   0.10960503592782D+01   0.11062588935858D+01   0.11132748860752D+01   0.11117029566569D+01
 
  440.0000000   0.94093002585197D+00   0.95037707005423D+00   0.95990987405879D+00   0.96894967967473D+00   0.97651418224980D+00   0.98135230078525D+00   0.98192596129703D+00   0.97348141227323D+00
 
  440.0000000   0.87321677109505D+00   0.88079579107626D+00   0.88812052829396D+00   0.89453890252372D+00   0.89904061401319D+00   0.90035967996740D+00   0.89695722888058D+00   0.88461418129195D+00
 
  440.0000000   0.79647714813274D+00   0.80199960213347D+00   0.80692198400168D+00   0.81057883456449D+00   0.81197485761849D+00   0.80987401685152D+00   0.80278678492968D+00   0.78708011888183D+00
 
  440.0000000   0.71023168782861D+00   0.71346608396161D+00   0.71574274085929D+00   0.71642484104357D+00   0.71457272572942D+00   0.70902935950047D+00   0.69841588740600D+00   0.67975529692661D+00
 
  440.0000000   0.61034403039873D+00   0.61091055068172D+00   0.61013770508442D+00   0.60745804719072D+00   0.60203883443758D+00   0.59286857078214D+00   0.57876550035693D+00   0.55752744321214D+00
 
  440.0000000   0.55619234086033D+00   0.55530282787358D+00   0.55287510941535D+00   0.54838721822570D+00   0.54107497394866D+00   0.53001965568490D+00   0.51416427064300D+00   0.49173251127241D+00
