60.60 9.0000e-06
58.60 9.0000e-06
56.50 1.5000e-05
54.40 2.8000e-05
52.20 5.2000e-05
50.00 1.0340e-05
47.70 2.1150e-04
45.50 4.4240e-04
43.30 9.1800e-04
41.10 1.7930e-03
39.00 3.1200e-03
36.90 4.5620e-03
34.80 5.5540e-03
32.80 5.7670e-03
30.90 5.1500e-03
29.00 4.0140e-03
27.10 2.7200e-03
25.20 1.7090e-03
23.40 1.0170e-03
21.50 5.5400e-04
19.70 1.9260e-04
17.90 5.2600e-05
16.10 2.7100e-05
14.40 1.8000e-05
12.50 1.2190e-05
10.70 1.0000e-10
10.0 1.07647e-17
9.9 1.38221e-17
9.8 1.77480e-17
9.7 2.27888e-17
9.6 2.92614e-17
9.5 3.75724e-17
9.4 4.82440e-17
9.3 6.19465e-17
9.2 7.95409e-17
9.1 1.02132e-16
9.0 1.31141e-16
8.9 1.68388e-16
8.8 2.16214e-16
8.7 2.77625e-16
8.6 3.56477e-16
8.5 4.57726e-16
8.4 5.87732e-16
8.3 7.54663e-16
8.2 9.69006e-16
8.1 1.24423e-15
8.0 1.59762e-15
7.9 2.05139e-15
7.8 2.63403e-15
7.7 3.38216e-15
7.6 4.34278e-15
7.5 5.57624e-15
7.4 7.16004e-15
7.3 9.19367e-15
7.2 1.18049e-14
7.1 1.51578e-14
7.0 1.94630e-14
6.9 2.49910e-14
6.8 3.20891e-14
6.7 4.12032e-14
6.6 5.29059e-14
6.5 6.79326e-14
6.4 8.72271e-14
6.3 1.12002e-13
6.2 1.43813e-13
6.1 1.84660e-13
6.0 2.37108e-13
5.9 3.04453e-13
5.8 3.90925e-13
5.7 5.01958e-13
5.6 6.44526e-13
5.5 8.27588e-13
5.4 1.06264e-12
5.3 1.36446e-12
5.2 1.75200e-12
5.1 2.24962e-12
5.0 2.88857e-12
4.9 3.70899e-12
4.8 4.76244e-12
4.7 6.11509e-12
4.6 7.85194e-12
4.5 1.00821e-11
4.4 1.29457e-11
4.3 1.66226e-11
4.2 2.13438e-11
4.1 2.74060e-11
4.0 3.51899e-11
3.9 4.51848e-11
3.8 1.42732e-09
3.7 1.44380e-09
3.6 1.46496e-09
3.5 1.22825e-10
3.4 1.57710e-10
3.3 2.02504e-10
3.2 2.60020e-10
3.1 3.33873e-10
3.0 4.28701e-10
2.9 5.50463e-10
2.8 7.06809e-10
2.7 9.07561e-10
2.6 1.16533e-09
2.5 1.49631e-09
2.4 1.92131e-09
2.3 2.46701e-09
2.2 3.16770e-09
2.1 4.06740e-09
2.0 5.22265e-09
1.9 6.70602e-09
1.8 8.61069e-09
1.7 1.10564e-08
1.6 1.41966e-08
1.5 1.82288e-08
1.4 2.34063e-08
