 #  SCIATRAN 2.2 (DOM, spherical mode)
 #  Height resolved air mass factors for no2
 #  Spectral range:  440.000 -  440.000
 #  The number of spectral points:    1
 #  The number of altitude levels:  51
    10.000     9.800     9.600     9.400     9.200     9.000     8.800     8.600     8.400     8.200     8.000     7.800     7.600     7.400     7.200     7.000     6.800     6.600     6.400     6.200     6.000     5.800     5.600     5.400     5.200     5.000     4.800     4.600     4.400     4.200     4.000     3.800     3.600     3.400     3.200     3.000     2.800     2.600     2.400     2.200     2.000     1.800     1.600     1.400     1.200     1.000     0.800     0.600     0.400     0.200     0.000
 
  440.0000000   0.11038909259212D+01   0.11551005878159D+01   0.12211594554535D+01   0.13053361725052D+01   0.14130747246236D+01   0.15527642504485D+01   0.17375803720452D+01   0.19892907066203D+01
 
  440.0000000   0.11090096498049D+01   0.11604680998248D+01   0.12268323707253D+01   0.13113744059346D+01   0.14195462357864D+01   0.15597489254874D+01   0.17451749819697D+01   0.19976112659537D+01
 
  440.0000000   0.11189351419473D+01   0.11708706186236D+01   0.12378201068287D+01   0.13230611975737D+01   0.14320606816968D+01   0.15732415131203D+01   0.17598269488736D+01   0.20136365250301D+01
 
  440.0000000   0.11283253083345D+01   0.11807020030543D+01   0.12481920952075D+01   0.13340771119170D+01   0.14438362401061D+01   0.15859108295689D+01   0.17735495136898D+01   0.20285940382314D+01
 
  440.0000000   0.11373383852649D+01   0.11901299228044D+01   0.12581277113415D+01   0.13446158435704D+01   0.14550840602311D+01   0.15979893910662D+01   0.17866016587071D+01   0.20427764067717D+01
 
  440.0000000   0.11460979666390D+01   0.11992853128775D+01   0.12677669993927D+01   0.13548285762988D+01   0.14659689007186D+01   0.16096585696952D+01   0.17991853301810D+01   0.20564116904962D+01
 
  440.0000000   0.11546999392038D+01   0.12082697492102D+01   0.12772185975586D+01   0.13648325892545D+01   0.14766185772838D+01   0.16210590860312D+01   0.18114572458421D+01   0.20696769270670D+01
 
  440.0000000   0.11632194625841D+01   0.12171628292343D+01   0.12865676130466D+01   0.13747197341218D+01   0.14871331688862D+01   0.16323010982102D+01   0.18235400599042D+01   0.20827106350837D+01
 
  440.0000000   0.11717168668923D+01   0.12260284022236D+01   0.12958822625438D+01   0.13845635740905D+01   0.14975927586497D+01   0.16434726694770D+01   0.18355317122852D+01   0.20956232516689D+01
 
  440.0000000   0.11802416037345D+01   0.12349187759568D+01   0.13052183991099D+01   0.13944243098362D+01   0.15080628567977D+01   0.16546458138774D+01   0.18475122663983D+01   0.21085050137676D+01
 
  440.0000000   0.11888346187330D+01   0.12438772466773D+01   0.13146222369867D+01   0.14043517456886D+01   0.15185976643555D+01   0.16658801268253D+01   0.18595479949764D+01   0.21214306256529D+01
 
  440.0000000   0.11975315391266D+01   0.12529414857095D+01   0.13241339420694D+01   0.14143891810368D+01   0.15292443931307D+01   0.16772276795479D+01   0.18716970074453D+01   0.21344658397422D+01
 
  440.0000000   0.12063670311532D+01   0.12621481234090D+01   0.13337924644950D+01   0.14245785729740D+01   0.15400488586587D+01   0.16887391514481D+01   0.18840160315152D+01   0.21476750164315D+01
 
  440.0000000   0.12153794892941D+01   0.12715377475629D+01   0.13436410894117D+01   0.14349666736203D+01   0.15510621885756D+01   0.17004710701942D+01   0.18965681260112D+01   0.21611293255120D+01
 
  440.0000000   0.12246157984607D+01   0.12811600027640D+01   0.13537330317288D+01   0.14456111375647D+01   0.15623474835037D+01   0.17124931745887D+01   0.19094311123968D+01   0.21749167802303D+01
 
  440.0000000   0.12341378293629D+01   0.12910804334316D+01   0.13641385184964D+01   0.14565879928909D+01   0.15739879387374D+01   0.17248975715486D+01   0.19227083294628D+01   0.21891552284592D+01
 
  440.0000000   0.12440338200645D+01   0.13013925364654D+01   0.13749576091943D+01   0.14680056187311D+01   0.15861024110567D+01   0.17378162521810D+01   0.19365482444109D+01   0.22040142874076D+01
 
  440.0000000   0.12544372446684D+01   0.13122378372160D+01   0.13863420125782D+01   0.14800287272791D+01   0.15988719649415D+01   0.17514505453934D+01   0.19511770223716D+01   0.22197515582556D+01
 
  440.0000000   0.12655580721364D+01   0.13238392727438D+01   0.13985317839229D+01   0.14929185866114D+01   0.16125838278718D+01   0.17661193854848D+01   0.19669524861868D+01   0.22367745321181D+01
 
  440.0000000   0.12786837140647D+01   0.13375733035644D+01   0.14130194716589D+01   0.15083128053001D+01   0.16290591987579D+01   0.17838823188611D+01   0.19862534485743D+01   0.22578960318544D+01
 
  440.0000000   0.17913032825793D+01   0.18509045650157D+01   0.19272288299015D+01   0.20235746872993D+01   0.21455690935921D+01   0.23018618018598D+01   0.25059497857270D+01   0.27795257258598D+01
 
  440.0000000   0.22985958370804D+01   0.23588408458084D+01   0.24359383188246D+01   0.25331945956431D+01   0.26562333438463D+01   0.28136803753175D+01   0.30189628575094D+01   0.32935388957409D+01
 
  440.0000000   0.23013440201802D+01   0.23620774190638D+01   0.24397380982988D+01   0.25376462468092D+01   0.26613977583634D+01   0.28195442834893D+01   0.30253527500898D+01   0.32998816103688D+01
 
  440.0000000   0.23019482668572D+01   0.23630242267419D+01   0.24410589865810D+01   0.25393922118590D+01   0.26635714032860D+01   0.28220316021901D+01   0.30278042553359D+01   0.33014422910450D+01
 
  440.0000000   0.23011113976531D+01   0.23624297848263D+01   0.24407103566213D+01   0.25393152658016D+01   0.26637269499872D+01   0.28222295212683D+01   0.30275576338559D+01   0.32996732015362D+01
 
  440.0000000   0.22991807334865D+01   0.23606609064468D+01   0.24390798537507D+01   0.25378298340971D+01   0.26623151618752D+01   0.28206399719420D+01   0.30251893542689D+01   0.32952531674720D+01
 
  440.0000000   0.22963040597094D+01   0.23578715222118D+01   0.24363269214817D+01   0.25351033887957D+01   0.26595149105459D+01   0.28174569528789D+01   0.30209123577889D+01   0.32884161661456D+01
 
  440.0000000   0.22925052026903D+01   0.23540865732526D+01   0.24324859593630D+01   0.25311730345783D+01   0.26553565314058D+01   0.28126957758588D+01   0.30147238764436D+01   0.32791417386014D+01
 
  440.0000000   0.22877011472917D+01   0.23492189859623D+01   0.24274767899870D+01   0.25259516841929D+01   0.26497288885590D+01   0.28062087822848D+01   0.30064409124545D+01   0.32672193981935D+01
 
  440.0000000   0.22815563577671D+01   0.23429151084479D+01   0.24209291583280D+01   0.25190419882650D+01   0.26421956543429D+01   0.27975116680365D+01   0.29955301759068D+01   0.32520710373932D+01
 
  440.0000000   0.22744792507026D+01   0.23356885383925D+01   0.24135096925883D+01   0.25112902331339D+01   0.26337974199970D+01   0.27878346250651D+01   0.29833711689262D+01   0.32350850229700D+01
 
  440.0000000   0.22694091742757D+01   0.23302174612519D+01   0.24075004567188D+01   0.25044539871107D+01   0.26255567392875D+01   0.27770937261545D+01   0.29681159924751D+01   0.32114583074843D+01
 
  440.0000000   0.22665608107250D+01   0.23265404436883D+01   0.24025797108938D+01   0.24977981917804D+01   0.26163077551905D+01   0.27637100363442D+01   0.29478548241394D+01   0.31790920866786D+01
 
  440.0000000   0.22614731146455D+01   0.23206443390369D+01   0.23953345271469D+01   0.24887316914419D+01   0.26046720673834D+01   0.27482178210765D+01   0.29262819440258D+01   0.31470575405698D+01
 
  440.0000000   0.22515871547951D+01   0.23098625261792D+01   0.23830866937114D+01   0.24745361532412D+01   0.25878344636741D+01   0.27276333811331D+01   0.29001544553931D+01   0.31118930212890D+01
 
  440.0000000   0.22377096671044D+01   0.22947327939940D+01   0.23660616135976D+01   0.24549904012307D+01   0.25648989013798D+01   0.27000071625541D+01   0.28658341576256D+01   0.30671959773213D+01
 
  440.0000000   0.22207749676256D+01   0.22762506180757D+01   0.23453128595466D+01   0.24312066194785D+01   0.25370337920041D+01   0.26665568978312D+01   0.28245761992036D+01   0.30141524004883D+01
 
  440.0000000   0.22004357032937D+01   0.22540129351157D+01   0.23203556862581D+01   0.24025930830806D+01   0.25035127827963D+01   0.26263927288323D+01   0.27753008102412D+01   0.29514732343119D+01
 
  440.0000000   0.21758763751055D+01   0.22271244293521D+01   0.22901916675473D+01   0.23680136590279D+01   0.24630239189162D+01   0.25779904096199D+01   0.27162448959514D+01   0.28771556459962D+01
 
  440.0000000   0.21459180173559D+01   0.21943019935628D+01   0.22534081885468D+01   0.23258831923474D+01   0.24137622990771D+01   0.25192815126342D+01   0.26450473862244D+01   0.27885604467561D+01
 
  440.0000000   0.21088968216507D+01   0.21537433439420D+01   0.22080339855609D+01   0.22740120618856D+01   0.23532647452537D+01   0.24474745844058D+01   0.25585433098216D+01   0.26821667471544D+01
 
  440.0000000   0.20624556736898D+01   0.21028995156234D+01   0.21512856584004D+01   0.22093195759877D+01   0.22780839304240D+01   0.23586866305813D+01   0.24523548933840D+01   0.25531392541505D+01
 
  440.0000000   0.20034254403273D+01   0.20383103671586D+01   0.20793366858329D+01   0.21275269275268D+01   0.21833897298390D+01   0.22474213888659D+01   0.23201857711210D+01   0.23943790763329D+01
 
  440.0000000   0.19354903710908D+01   0.19640377999978D+01   0.19967517251387D+01   0.20339702335424D+01   0.20755809424529D+01   0.21213843050217D+01   0.21711475591626D+01   0.22166317472159D+01
 
  440.0000000   0.18697859539072D+01   0.18936571957375D+01   0.19202818997950D+01   0.19495666917001D+01   0.19809337112602D+01   0.20136052155233D+01   0.20466106799783D+01   0.20713921343923D+01
 
  440.0000000   0.18210649618641D+01   0.18426101788853D+01   0.18662678427709D+01   0.18917415955889D+01   0.19182351587456D+01   0.19446891375581D+01   0.19697543672265D+01   0.19850113249256D+01
 
  440.0000000   0.17828036249772D+01   0.18025325675971D+01   0.18239367419067D+01   0.18465797427028D+01   0.18695442547406D+01   0.18916266244960D+01   0.19112948470774D+01   0.19203703568577D+01
 
  440.0000000   0.17395504627740D+01   0.17573189797843D+01   0.17763088996674D+01   0.17959690109454D+01   0.18152838502177D+01   0.18329351678913D+01   0.18472501240408D+01   0.18503412942498D+01
 
  440.0000000   0.16908466924091D+01   0.17064679079090D+01   0.17228335396038D+01   0.17392940327019D+01   0.17547520157872D+01   0.17677953436385D+01   0.17766387051812D+01   0.17737461974360D+01
 
  440.0000000   0.16341551083470D+01   0.16473183441342D+01   0.16607076452021D+01   0.16735938020514D+01   0.16848114647116D+01   0.16928679378173D+01   0.16958783776954D+01   0.16867421341312D+01
 
  440.0000000   0.16033326469607D+01   0.16151668931494D+01   0.16269540527757D+01   0.16379304352321D+01   0.16469004486805D+01   0.16523344433987D+01   0.16523005992970D+01   0.16399410426749D+01
