 #  SCIATRAN 2.2 (DOM, spherical mode)
 #  Height resolved air mass factors for no2
 #  Spectral range:  440.000 -  440.000
 #  The number of spectral points:    1
 #  The number of altitude levels:  51
    10.000     9.800     9.600     9.400     9.200     9.000     8.800     8.600     8.400     8.200     8.000     7.800     7.600     7.400     7.200     7.000     6.800     6.600     6.400     6.200     6.000     5.800     5.600     5.400     5.200     5.000     4.800     4.600     4.400     4.200     4.000     3.800     3.600     3.400     3.200     3.000     2.800     2.600     2.400     2.200     2.000     1.800     1.600     1.400     1.200     1.000     0.800     0.600     0.400     0.200     0.000
 
  440.0000000   0.10979145573100D+01   0.11490202991673D+01   0.12148862868802D+01   0.12994895906808D+01   0.14081367051713D+01   0.15482690070616D+01   0.17305542105643D+01   0.19769138416858D+01
 
  440.0000000   0.11036883539981D+01   0.11550560545441D+01   0.12212313924750D+01   0.13061873703753D+01   0.14152282193012D+01   0.15557929200157D+01   0.17385460777495D+01   0.19854150958773D+01
 
  440.0000000   0.11149044187825D+01   0.11667761037175D+01   0.12335461010849D+01   0.13191787641024D+01   0.14289732772901D+01   0.15703631222469D+01   0.17540056182291D+01   0.20018360657019D+01
 
  440.0000000   0.11255560261951D+01   0.11778972386942D+01   0.12452202984536D+01   0.13314799373523D+01   0.14419693344604D+01   0.15841151772332D+01   0.17685655530636D+01   0.20172566499729D+01
 
  440.0000000   0.11358197188106D+01   0.11886056725511D+01   0.12564517908796D+01   0.13433023086088D+01   0.14544435820567D+01   0.15972944228961D+01   0.17824920812933D+01   0.20319678724191D+01
 
  440.0000000   0.11458342716186D+01   0.11990477592878D+01   0.12673960170220D+01   0.13548119752567D+01   0.14665744585269D+01   0.16100934868632D+01   0.17959941345480D+01   0.20461980378377D+01
 
  440.0000000   0.11557083922119D+01   0.12093381417942D+01   0.12781747370667D+01   0.13661390488774D+01   0.14785017477160D+01   0.16226632805303D+01   0.18092354247596D+01   0.20601260764423D+01
 
  440.0000000   0.11655285461288D+01   0.12195679899659D+01   0.12888847624762D+01   0.13773869589295D+01   0.14903365415002D+01   0.16351237087245D+01   0.18223459930023D+01   0.20738940627223D+01
 
  440.0000000   0.11753656640476D+01   0.12298120564710D+01   0.12996054262047D+01   0.13886404052136D+01   0.15021697437338D+01   0.16475727958709D+01   0.18354320303413D+01   0.20876178309141D+01
 
  440.0000000   0.11852797678468D+01   0.12401335761497D+01   0.13104038137841D+01   0.13999709868951D+01   0.15140781723956D+01   0.16600933490880D+01   0.18485832094157D+01   0.21013951398488D+01
 
  440.0000000   0.11953229095203D+01   0.12505873805565D+01   0.13213380883206D+01   0.14114407774992D+01   0.15261284274669D+01   0.16727571656913D+01   0.18618772836065D+01   0.21153107407249D+01
 
  440.0000000   0.12055432574809D+01   0.12612242327035D+01   0.13324621279398D+01   0.14231073288270D+01   0.15383823351850D+01   0.16856310056751D+01   0.18753866970968D+01   0.21294437918346D+01
 
  440.0000000   0.12159909307908D+01   0.12720969581276D+01   0.13438320087606D+01   0.14350305640579D+01   0.15509043110226D+01   0.16987844853203D+01   0.18891870703635D+01   0.21438770141345D+01
 
  440.0000000   0.12267250925361D+01   0.12832678598757D+01   0.13555136762102D+01   0.14472808560014D+01   0.15637700276902D+01   0.17122994933490D+01   0.19033674490279D+01   0.21587078398298D+01
 
  440.0000000   0.12378218562151D+01   0.12948171178227D+01   0.13675920400738D+01   0.14599488751529D+01   0.15770770659652D+01   0.17262817338916D+01   0.19180429139996D+01   0.21740623783626D+01
 
  440.0000000   0.12493853916291D+01   0.13068546168794D+01   0.13801839651647D+01   0.14731597994208D+01   0.15909603179345D+01   0.17408772779679D+01   0.19333722492370D+01   0.21901143465724D+01
 
  440.0000000   0.12615677764816D+01   0.13195408519319D+01   0.13934602613003D+01   0.14870966993865D+01   0.16056171761431D+01   0.17563000445375D+01   0.19495882948711D+01   0.22071189816220D+01
 
  440.0000000   0.12746024074305D+01   0.13331221057258D+01   0.14076827310464D+01   0.15020399350083D+01   0.16213499050302D+01   0.17728779066117D+01   0.19670487172764D+01   0.22254694890299D+01
 
  440.0000000   0.12888594855327D+01   0.13479891809737D+01   0.14232674052451D+01   0.15184357916500D+01   0.16386403315862D+01   0.17911336880757D+01   0.19863228833260D+01   0.22457898638140D+01
 
  440.0000000   0.13061167246968D+01   0.13660391040180D+01   0.14422624956538D+01   0.15385163489798D+01   0.16599447721237D+01   0.18138007894149D+01   0.20104928791815D+01   0.22716103091909D+01
 
  440.0000000   0.18198959282417D+01   0.18807920180095D+01   0.19581741494078D+01   0.20557549497428D+01   0.21786681010861D+01   0.23341480917180D+01   0.25325654418310D+01   0.27954125287539D+01
 
  440.0000000   0.23199624491969D+01   0.23817729340764D+01   0.24602159339664D+01   0.25589828775264D+01   0.26831626863564D+01   0.28399043652943D+01   0.30394196574672D+01   0.33028245250517D+01
 
  440.0000000   0.23095478626766D+01   0.23720311895886D+01   0.24512213547880D+01   0.25507950481972D+01   0.26757675354237D+01   0.28331450846096D+01   0.30328822356915D+01   0.32955127356751D+01
 
  440.0000000   0.22948661064810D+01   0.23577801176324D+01   0.24374142736687D+01   0.25374391804080D+01   0.26627754750539D+01   0.28202446204094D+01   0.30194741923035D+01   0.32803111155433D+01
 
  440.0000000   0.22770701654928D+01   0.23402462051581D+01   0.24201159741118D+01   0.25203474211297D+01   0.26457488729325D+01   0.28029224712581D+01   0.30011116983480D+01   0.32593939053168D+01
 
  440.0000000   0.22566979279047D+01   0.23199999433115D+01   0.23999354882849D+01   0.25001731897399D+01   0.26253945313269D+01   0.27819539510397D+01   0.29786640224911D+01   0.32337563126514D+01
 
  440.0000000   0.22339490624264D+01   0.22972502497357D+01   0.23770876083158D+01   0.24771421987783D+01   0.26019556312017D+01   0.27576058687589D+01   0.29524260189348D+01   0.32037230545820D+01
 
  440.0000000   0.22088143003046D+01   0.22719865916795D+01   0.23515623940086D+01   0.24512412750035D+01   0.25754110026466D+01   0.27298450400112D+01   0.29223509714152D+01   0.31692325005276D+01
 
  440.0000000   0.21810862921253D+01   0.22439942627650D+01   0.23231522292322D+01   0.24222532247040D+01   0.25455134532086D+01   0.26983795208442D+01   0.28881021738071D+01   0.31299123260908D+01
 
  440.0000000   0.21500782095777D+01   0.22125580646325D+01   0.22911248122720D+01   0.23894093741296D+01   0.25114360032766D+01   0.26623093830311D+01   0.28487091921364D+01   0.30847387056577D+01
 
  440.0000000   0.21119923725400D+01   0.21739350382049D+01   0.22518370128793D+01   0.23491591709610D+01   0.24696881934741D+01   0.26181418150847D+01   0.28005697154324D+01   0.30297637089507D+01
 
  440.0000000   0.20721489061863D+01   0.21331044289540D+01   0.22097737865901D+01   0.23053300258783D+01   0.24231913421028D+01   0.25674964831837D+01   0.27433736438792D+01   0.29616656559119D+01
 
  440.0000000   0.20359286223755D+01   0.20953514053954D+01   0.21699244319821D+01   0.22626140471308D+01   0.23763989329930D+01   0.25147007196286D+01   0.26815164147866D+01   0.28852078815207D+01
 
  440.0000000   0.19960474034090D+01   0.20540309851429D+01   0.21264526865908D+01   0.22162916093971D+01   0.23262031906192D+01   0.24590458871719D+01   0.26179340369667D+01   0.28090600744458D+01
 
  440.0000000   0.19513919077617D+01   0.20079079649960D+01   0.20781301823051D+01   0.21651081469860D+01   0.22712636998299D+01   0.23990458748763D+01   0.25509426524022D+01   0.27314467737374D+01
 
  440.0000000   0.19026578314781D+01   0.19572818085252D+01   0.20248190983530D+01   0.21083045366861D+01   0.22099118837694D+01   0.23316949891200D+01   0.24755625700358D+01   0.26444045216873D+01
 
  440.0000000   0.18476234227623D+01   0.18999552314960D+01   0.19643333614013D+01   0.20436941926219D+01   0.21399395202372D+01   0.22547268364773D+01   0.23894107783194D+01   0.25452692376370D+01
 
  440.0000000   0.17858681235051D+01   0.18354535578454D+01   0.18961173171508D+01   0.19706228366690D+01   0.20605776305867D+01   0.21672438765500D+01   0.22914530758470D+01   0.24328821532305D+01
 
  440.0000000   0.17162415559684D+01   0.17625424496274D+01   0.18188322177923D+01   0.18876192432046D+01   0.19701962637895D+01   0.20674401381891D+01   0.21797091477063D+01   0.23051330663067D+01
 
  440.0000000   0.16371217988671D+01   0.16794923578784D+01   0.17306215364262D+01   0.17926685414984D+01   0.18665923901948D+01   0.19529042438567D+01   0.20515592097813D+01   0.21592577866600D+01
 
  440.0000000   0.15463045598592D+01   0.15839595527039D+01   0.16289804069390D+01   0.16830738202009D+01   0.17468471763722D+01   0.18204720339104D+01   0.19035836685611D+01   0.19916603712607D+01
 
  440.0000000   0.14408053961901D+01   0.14727722937869D+01   0.15105194037525D+01   0.15551956078785D+01   0.16070404500534D+01   0.16659158644020D+01   0.17312272273644D+01   0.17975589884374D+01
 
  440.0000000   0.13170313797290D+01   0.13420718556401D+01   0.13710597866454D+01   0.14044996638579D+01   0.14422420789491D+01   0.14838516154552D+01   0.15285603323087D+01   0.15705468654536D+01
 
  440.0000000   0.11885829559752D+01   0.12061192638510D+01   0.12256765770003D+01   0.12471597865158D+01   0.12700152943424D+01   0.12934607419781D+01   0.13164673017960D+01   0.13333245876705D+01
 
  440.0000000   0.10635113632061D+01   0.10759535356507D+01   0.10891427869103D+01   0.11026452899543D+01   0.11156197696343D+01   0.11269839055485D+01   0.11354033646228D+01   0.11356478903160D+01
 
  440.0000000   0.96737558551215D+00   0.97749301146251D+00   0.98784438724161D+00   0.99786138024978D+00   0.10065895071490D+01   0.10128200005820D+01   0.10150741476032D+01   0.10086739949672D+01
 
  440.0000000   0.89745880151247D+00   0.90563450233855D+00   0.91368444207254D+00   0.92096380257708D+00   0.92648451194471D+00   0.92901472205636D+00   0.92706321474493D+00   0.91646036597557D+00
 
  440.0000000   0.81848090505260D+00   0.82451790572120D+00   0.83006193100673D+00   0.83445075310397D+00   0.83670486541946D+00   0.83561306872913D+00   0.82972025451650D+00   0.81541967915544D+00
 
  440.0000000   0.72986652744650D+00   0.73352211472453D+00   0.73630334354245D+00   0.73757464063392D+00   0.73640442541245D+00   0.73164778273989D+00   0.72194095305047D+00   0.70431218411551D+00
 
  440.0000000   0.62734143110391D+00   0.62821734220544D+00   0.62780923260951D+00   0.62555102136606D+00   0.62060976037105D+00   0.61197136040292D+00   0.59844617551266D+00   0.57781816043090D+00
 
  440.0000000   0.57178183026591D+00   0.57113990996971D+00   0.56899969689314D+00   0.56484120505461D+00   0.55789583072193D+00   0.54723453391794D+00   0.53178024419115D+00   0.50973376814915D+00
