 #  SCIATRAN 2.2 (DOM, spherical mode)
 #  Height resolved air mass factors for no2
 #  Spectral range:  440.000 -  440.000
 #  The number of spectral points:    1
 #  The number of altitude levels:  51
    10.000     9.800     9.600     9.400     9.200     9.000     8.800     8.600     8.400     8.200     8.000     7.800     7.600     7.400     7.200     7.000     6.800     6.600     6.400     6.200     6.000     5.800     5.600     5.400     5.200     5.000     4.800     4.600     4.400     4.200     4.000     3.800     3.600     3.400     3.200     3.000     2.800     2.600     2.400     2.200     2.000     1.800     1.600     1.400     1.200     1.000     0.800     0.600     0.400     0.200     0.000
 
  440.0000000   0.10973002093810D+01   0.11481678878799D+01   0.12137642704556D+01   0.12976982697369D+01   0.14053172628398D+01   0.15444699328875D+01   0.17269037292353D+01   0.19742833018477D+01
 
  440.0000000   0.11026100628064D+01   0.11537364811117D+01   0.12196445463803D+01   0.13039426554865D+01   0.14119807387550D+01   0.15516114218470D+01   0.17345872829858D+01   0.19825818157421D+01
 
  440.0000000   0.11129186542085D+01   0.11645424370255D+01   0.12310491896854D+01   0.13160455284825D+01   0.14248855954339D+01   0.15654286519933D+01   0.17494356822273D+01   0.19985933546658D+01
 
  440.0000000   0.11226964395533D+01   0.11747827402356D+01   0.12418453950980D+01   0.13274878628912D+01   0.14370668870983D+01   0.15784461260140D+01   0.17633916537569D+01   0.20135951375060D+01
 
  440.0000000   0.11321070606100D+01   0.11846306522194D+01   0.12522181647432D+01   0.13384687342614D+01   0.14487404141822D+01   0.15908994840933D+01   0.17767144863900D+01   0.20278754131520D+01
 
  440.0000000   0.11412790554519D+01   0.11942222406577D+01   0.12623127549858D+01   0.13491444041241D+01   0.14600755061773D+01   0.16029735477347D+01   0.17896074611800D+01   0.20416600404001D+01
 
  440.0000000   0.11503130316711D+01   0.12036639998048D+01   0.12722428464980D+01   0.13596371585737D+01   0.14712046675638D+01   0.16148129400635D+01   0.18022296553971D+01   0.20551257840834D+01
 
  440.0000000   0.11592889435720D+01   0.12130405399407D+01   0.12820987340291D+01   0.13700440944394D+01   0.14822330668007D+01   0.16265323978354D+01   0.18147072167082D+01   0.20684127383953D+01
 
  440.0000000   0.11682723380698D+01   0.12224211815631D+01   0.12919543426549D+01   0.13804446368982D+01   0.14932466423605D+01   0.16382255634648D+01   0.18271429529794D+01   0.20816348608561D+01
 
  440.0000000   0.11773187018897D+01   0.12318645763793D+01   0.13018721865685D+01   0.13909059099126D+01   0.15043179722897D+01   0.16499714611028D+01   0.18396235530495D+01   0.20948881418373D+01
 
  440.0000000   0.11864762956355D+01   0.12414217210020D+01   0.13119066019525D+01   0.14014862328858D+01   0.15155100854609D+01   0.16618386819268D+01   0.18522242179964D+01   0.21082557831008D+01
 
  440.0000000   0.11957900867673D+01   0.12511401420472D+01   0.13221082442527D+01   0.14122399996450D+01   0.15268818056493D+01   0.16738912973657D+01   0.18650152797508D+01   0.21218157233711D+01
 
  440.0000000   0.12053074264152D+01   0.12610698523627D+01   0.13325303032724D+01   0.14232242654078D+01   0.15384948488963D+01   0.16861965985670D+01   0.18780706783069D+01   0.21356499428972D+01
 
  440.0000000   0.12150848733386D+01   0.12712705522327D+01   0.13432361840390D+01   0.14345069749307D+01   0.15504226688468D+01   0.16988346453593D+01   0.18914783320552D+01   0.21498558072115D+01
 
  440.0000000   0.12251960776560D+01   0.12818200517909D+01   0.13543087807204D+01   0.14461770978276D+01   0.15627614378771D+01   0.17119101479277D+01   0.19053531422896D+01   0.21645605719263D+01
 
  440.0000000   0.12357433858501D+01   0.12928265353367D+01   0.13658634984105D+01   0.14583585984724D+01   0.15756451914230D+01   0.17255690385997D+01   0.19198552712450D+01   0.21799417210070D+01
 
  440.0000000   0.12468780557228D+01   0.13044498961343D+01   0.13780708128834D+01   0.14712345909209D+01   0.15892720269808D+01   0.17400271998863D+01   0.19352218938745D+01   0.21962623537152D+01
 
  440.0000000   0.12588342054498D+01   0.13169376304970D+01   0.13911945653455D+01   0.14850884866671D+01   0.16039486150420D+01   0.17556189481050D+01   0.19518204203044D+01   0.22139301611463D+01
 
  440.0000000   0.12719861308449D+01   0.13306854431478D+01   0.14056566519346D+01   0.15003736105079D+01   0.16201656471669D+01   0.17728792870287D+01   0.19702386005971D+01   0.22335968237669D+01
 
  440.0000000   0.12873636201228D+01   0.13467886234019D+01   0.14226343601282D+01   0.15183669586475D+01   0.16393217719700D+01   0.17933573588442D+01   0.19922156370906D+01   0.22572455217871D+01
 
  440.0000000   0.17998535554879D+01   0.18600770112310D+01   0.19368770937994D+01   0.20337034579988D+01   0.21558867125388D+01   0.23112789523509D+01   0.25116056179688D+01   0.27781228339990D+01
 
  440.0000000   0.23017857309925D+01   0.23626691982689D+01   0.24402319000575D+01   0.25378892689492D+01   0.26609339254366D+01   0.28171550832934D+01   0.30181642174576D+01   0.32849072600977D+01
 
  440.0000000   0.22956058261070D+01   0.23569206778570D+01   0.24349514879678D+01   0.25330744069023D+01   0.26565214369181D+01   0.28129787853131D+01   0.30138759362692D+01   0.32797049662496D+01
 
  440.0000000   0.22860270369296D+01   0.23475871443709D+01   0.24258530585113D+01   0.25241655891246D+01   0.26476870235409D+01   0.28039823510135D+01   0.30042681520171D+01   0.32685260298413D+01
 
  440.0000000   0.22738597519617D+01   0.23355276818251D+01   0.24138568593583D+01   0.25121553814129D+01   0.26355083148974D+01   0.27913444153706D+01   0.29906417107844D+01   0.32528215084807D+01
 
  440.0000000   0.22595732849402D+01   0.23212390237382D+01   0.23994939056823D+01   0.24976180024284D+01   0.26206114122471D+01   0.27757496721903D+01   0.29737422363730D+01   0.32334007941862D+01
 
  440.0000000   0.22434136742165D+01   0.23049808916031D+01   0.23830418484983D+01   0.24808555924840D+01   0.26033277741533D+01   0.27575586827630D+01   0.29539494582262D+01   0.32106496877845D+01
 
  440.0000000   0.22254633440050D+01   0.22868397822034D+01   0.23645940985713D+01   0.24619685196078D+01   0.25837633549413D+01   0.27368798504047D+01   0.29313683819936D+01   0.31846598869571D+01
 
  440.0000000   0.22056203664627D+01   0.22667086041140D+01   0.23440424556426D+01   0.24408424199951D+01   0.25617903575319D+01   0.27135640975324D+01   0.29058213319630D+01   0.31552143579517D+01
 
  440.0000000   0.21833614956479D+01   0.22440379121395D+01   0.23208093647899D+01   0.24168667137007D+01   0.25367585273886D+01   0.26869123141672D+01   0.28765469348452D+01   0.31214801817028D+01
 
  440.0000000   0.21556278050175D+01   0.22158092658446D+01   0.22919013786328D+01   0.23871147757950D+01   0.25058387733564D+01   0.26541736621359D+01   0.28407523218663D+01   0.30803347521223D+01
 
  440.0000000   0.21285049895565D+01   0.21879124535852D+01   0.22629414788514D+01   0.23568112888417D+01   0.24736387473685D+01   0.26189792897288D+01   0.28005013960004D+01   0.30312178059508D+01
 
  440.0000000   0.21070365213990D+01   0.21653837410927D+01   0.22389592415458D+01   0.23308740038746D+01   0.24448662362414D+01   0.25858042627805D+01   0.27601840426855D+01   0.29787466352833D+01
 
  440.0000000   0.20830912110014D+01   0.21405097913109D+01   0.22127322539599D+01   0.23028007214466D+01   0.24141433667743D+01   0.25510785807618D+01   0.27191878596237D+01   0.29272548229739D+01
 
  440.0000000   0.20548247916084D+01   0.21112411015224D+01   0.21819578324517D+01   0.22700517122878D+01   0.23787219480898D+01   0.25118641520617D+01   0.26743644195255D+01   0.28734484800922D+01
 
  440.0000000   0.20234935333427D+01   0.20785254255452D+01   0.21472542937305D+01   0.22327663613938D+01   0.23380136406257D+01   0.24664531011847D+01   0.26222639743160D+01   0.28111111457525D+01
 
  440.0000000   0.19878731125009D+01   0.20411811386331D+01   0.21074965279483D+01   0.21898542014983D+01   0.22909239003429D+01   0.24136926060119D+01   0.25616042107512D+01   0.27386417676732D+01
 
  440.0000000   0.19476820353165D+01   0.19988590741277D+01   0.20622238063947D+01   0.21407011121382D+01   0.22366469979648D+01   0.23525603826877D+01   0.24911519940218D+01   0.26545965938011D+01
 
  440.0000000   0.19018370289299D+01   0.19503651156314D+01   0.20100967784709D+01   0.20837735463719D+01   0.21734013559803D+01   0.22809750461631D+01   0.24084874022551D+01   0.25561994187152D+01
 
  440.0000000   0.18486349349455D+01   0.18938434534881D+01   0.19490726214687D+01   0.20167890828836D+01   0.20986016751530D+01   0.21959763319381D+01   0.23101974920627D+01   0.24395575918265D+01
 
  440.0000000   0.17855178741692D+01   0.18265259313816D+01   0.18761303457203D+01   0.19363984036477D+01   0.20084874453071D+01   0.20933150840968D+01   0.21914899585504D+01   0.22993799023607D+01
 
  440.0000000   0.17086475805947D+01   0.17442761700704D+01   0.17867785550135D+01   0.18376555188051D+01   0.18975549729568D+01   0.19668447199064D+01   0.20455370088846D+01   0.21282862884364D+01
 
  440.0000000   0.16125944536179D+01   0.16412215744981D+01   0.16746164462638D+01   0.17135219512897D+01   0.17580060734382D+01   0.18078755946748D+01   0.18626193988437D+01   0.19156471819614D+01
 
  440.0000000   0.15058293616795D+01   0.15264045674868D+01   0.15494356108075D+01   0.15748900247329D+01   0.16022146462955D+01   0.16305938711145D+01   0.16589129270717D+01   0.16800165246789D+01
 
  440.0000000   0.13983937179064D+01   0.14133152760216D+01   0.14291135697027D+01   0.14453017430547D+01   0.14608871504661D+01   0.14745559437180D+01   0.14846313724818D+01   0.14840945294224D+01
 
  440.0000000   0.13203142512243D+01   0.13327875736528D+01   0.13455116576573D+01   0.13578296538019D+01   0.13685743476940D+01   0.13762200794724D+01   0.13788285957482D+01   0.13698103118362D+01
 
  440.0000000   0.12688356729403D+01   0.12794674765153D+01   0.12899495506436D+01   0.12995247775331D+01   0.13069527931153D+01   0.13106319814443D+01   0.13085428809396D+01   0.12945124450142D+01
 
  440.0000000   0.12100252422267D+01   0.12186259833651D+01   0.12266633426371D+01   0.12333175532131D+01   0.12373082090262D+01   0.12369974854041D+01   0.12303357928433D+01   0.12116265446902D+01
 
  440.0000000   0.11435520857445D+01   0.11498951270807D+01   0.11552425724079D+01   0.11587355136629D+01   0.11590820885735D+01   0.11546463401441D+01   0.11434005160901D+01   0.11202005949439D+01
 
  440.0000000   0.10661540642633D+01   0.10698742132521D+01   0.10721278690581D+01   0.10720484697784D+01   0.10683660921799D+01   0.10594883567472D+01   0.10434633123035D+01   0.10158133446432D+01
 
  440.0000000   0.10240921157482D+01   0.10263840692073D+01   0.10269609356032D+01   0.10249618952389D+01   0.10191376107047D+01   0.10079291697330D+01   0.98943725962380D+00   0.95955266927334D+00
