 #  SCIATRAN 2.2 (DOM, spherical mode)
 #  Height resolved air mass factors for no2
 #  Spectral range:  440.000 -  440.000
 #  The number of spectral points:    1
 #  The number of altitude levels:  44
    10.000     9.800     9.600     9.400     9.200     9.000     8.800     8.600     8.400     8.200     8.000     7.800     7.600     7.400     7.200     7.000     6.800     6.600     6.400     6.200     6.000     5.800     5.600     5.400     5.200     5.000     4.800     4.600     4.400     4.200     4.000     3.800     3.600     3.400     3.200     3.000     2.800     2.600     2.400     2.200     2.000     1.800     1.600     1.400
 
  440.0000000   0.11055156763656D+01   0.11567557019492D+01   0.12228150720975D+01   0.13068843289373D+01   0.14144128872258D+01   0.15539297360659D+01   0.17390893880016D+01   0.19919585567044D+01
 
  440.0000000   0.11107693849361D+01   0.11622803571402D+01   0.12286705736886D+01   0.13131323846761D+01   0.14211219904244D+01   0.15611789064496D+01   0.17469730402920D+01   0.20005804609869D+01
 
  440.0000000   0.11209777209930D+01   0.11730099262964D+01   0.12400361429562D+01   0.13252513771533D+01   0.14341241317188D+01   0.15752131242305D+01   0.17622162081324D+01   0.20172230213765D+01
 
  440.0000000   0.11306779512640D+01   0.11831956777574D+01   0.12508134431069D+01   0.13367271624504D+01   0.14464153768988D+01   0.15884527149001D+01   0.17765599225142D+01   0.20328308856558D+01
 
  440.0000000   0.11400314846871D+01   0.11930090509389D+01   0.12611863131431D+01   0.13477586489215D+01   0.14582128602530D+01   0.16011369309891D+01   0.17902705882821D+01   0.20477043505362D+01
 
  440.0000000   0.11491655712046D+01   0.12025851665270D+01   0.12712996007254D+01   0.13585024903908D+01   0.14696874987518D+01   0.16134539862408D+01   0.18035576491554D+01   0.20620793278818D+01
 
  440.0000000   0.11581803522828D+01   0.12120303423439D+01   0.12812672578876D+01   0.13690818987943D+01   0.14809736857555D+01   0.16255518326338D+01   0.18165857079237D+01   0.20761411791820D+01
 
  440.0000000   0.11671560665018D+01   0.12214297306860D+01   0.12911805090610D+01   0.13795954528405D+01   0.14921788681039D+01   0.16375486600431D+01   0.18294861425418D+01   0.20900376964615D+01
 
  440.0000000   0.11761592846829D+01   0.12308539206772D+01   0.13011149042516D+01   0.13901246940124D+01   0.15033917906397D+01   0.16495419150967D+01   0.18423670548834D+01   0.21038901755636D+01
 
  440.0000000   0.11852473057191D+01   0.12403636249842D+01   0.13111353687722D+01   0.14007396235347D+01   0.15146885430426D+01   0.16616150285911D+01   0.18553208540318D+01   0.21178021046098D+01
 
  440.0000000   0.11944711259588D+01   0.12500128454635D+01   0.13212996110901D+01   0.14115024041027D+01   0.15261366164835D+01   0.16738419022781D+01   0.18684292704997D+01   0.21318648355188D+01
 
  440.0000000   0.12038796099248D+01   0.12598533214458D+01   0.13316629179591D+01   0.14224725812943D+01   0.15378006492182D+01   0.16862933059908D+01   0.18817705800651D+01   0.21461658825110D+01
 
  440.0000000   0.12135255683570D+01   0.12699409507032D+01   0.13422849950265D+01   0.14337144234469D+01   0.15497503557654D+01   0.16990455029752D+01   0.18954290580704D+01   0.21607993590550D+01
 
  440.0000000   0.12234733858096D+01   0.12803438473999D+01   0.13532385518419D+01   0.14453061327713D+01   0.15620704765078D+01   0.17121910728650D+01   0.19095068464068D+01   0.21758790858451D+01
 
  440.0000000   0.12338083244948D+01   0.12911522178849D+01   0.13646198867644D+01   0.14573512863887D+01   0.15748732510216D+01   0.17258526426266D+01   0.19241392485205D+01   0.21915558534187D+01
 
  440.0000000   0.12446502383425D+01   0.13024928920443D+01   0.13765644251917D+01   0.14699955778653D+01   0.15883165926998D+01   0.17402027818588D+01   0.19395167284098D+01   0.22080420002436D+01
 
  440.0000000   0.12561773019478D+01   0.13145544584668D+01   0.13892735890611D+01   0.14834557615448D+01   0.16026355078868D+01   0.17554983999439D+01   0.19559229599166D+01   0.22256539571208D+01
 
  440.0000000   0.12686662543720D+01   0.13276298455661D+01   0.14030602087574D+01   0.14980684803398D+01   0.16181950299363D+01   0.17721386319027D+01   0.19737987524282D+01   0.22448835285644D+01
 
  440.0000000   0.12825606723237D+01   0.13421885466654D+01   0.14184255089591D+01   0.15143730155491D+01   0.16355799209269D+01   0.17907629392318D+01   0.19938503965441D+01   0.22665187009699D+01
 
  440.0000000   0.12985887761153D+01   0.13590014031226D+01   0.14361927045837D+01   0.15332552139023D+01   0.16557506733496D+01   0.18124214680153D+01   0.20172376251244D+01   0.22918532707182D+01
 
  440.0000000   0.18120333242341D+01   0.18732555323397D+01   0.19514170991038D+01   0.20495879629263D+01   0.21733257946778D+01   0.23313728788473D+01   0.25376985602378D+01   0.28138342292194D+01
 
  440.0000000   0.23159626738374D+01   0.23777972201588D+01   0.24566573561773D+01   0.25555615993914D+01   0.26800201858072D+01   0.28387071876697D+01   0.30454791143670D+01   0.33215208563403D+01
 
  440.0000000   0.23125208404430D+01   0.23747222641644D+01   0.24539636631261D+01   0.25531966216371D+01   0.26778558616047D+01   0.28365020297511D+01   0.30428043675510D+01   0.33174697351156D+01
 
  440.0000000   0.23060014071742D+01   0.23683998109373D+01   0.24478121474231D+01   0.25471220256274D+01   0.26716810007751D+01   0.28299227919105D+01   0.30353070451201D+01   0.33080374230881D+01
 
  440.0000000   0.22970325131302D+01   0.23594969059439D+01   0.24389179157870D+01   0.25381111711556D+01   0.26623393523909D+01   0.28198988102141D+01   0.30240221423418D+01   0.32943906585480D+01
 
  440.0000000   0.22859927098015D+01   0.23484160422078D+01   0.24277130419583D+01   0.25266324168327D+01   0.26503435580129D+01   0.28069968460708D+01   0.30095831619744D+01   0.32772462844364D+01
 
  440.0000000   0.22730951697935D+01   0.23353844888256D+01   0.24144421869762D+01   0.25129523806495D+01   0.26359876535679D+01   0.27915448073214D+01   0.29923596156990D+01   0.32570257938638D+01
 
  440.0000000   0.22584408608321D+01   0.23205107789173D+01   0.23992232920357D+01   0.24972017635379D+01   0.26194190515820D+01   0.27737109790961D+01   0.29725444627652D+01   0.32339520059564D+01
 
  440.0000000   0.22420512487063D+01   0.23038196381571D+01   0.23820859014165D+01   0.24794173593127D+01   0.26006843835296D+01   0.27535538947793D+01   0.29502084383038D+01   0.32081088196341D+01
 
  440.0000000   0.22238903995517D+01   0.22852754085033D+01   0.23629960600517D+01   0.24595678913932D+01   0.25797560229179D+01   0.27310504258537D+01   0.29253332180132D+01   0.31794841828535D+01
 
  440.0000000   0.22038811219020D+01   0.22647987879528D+01   0.23418731498442D+01   0.24375711797380D+01   0.25565500165022D+01   0.27061150683270D+01   0.28978329227992D+01   0.31479941465984D+01
 
  440.0000000   0.21819185717926D+01   0.22422805884342D+01   0.23186029202527D+01   0.24133080500262D+01   0.25309423294512D+01   0.26786183753722D+01   0.28675709147875D+01   0.31134917250613D+01
 
  440.0000000   0.21578793984809D+01   0.22175909770338D+01   0.22930468577394D+01   0.23866314234664D+01   0.25027770856418D+01   0.26483934707974D+01   0.28343627803869D+01   0.30757618016409D+01
 
  440.0000000   0.21316314719810D+01   0.21905895943174D+01   0.22650546302807D+01   0.23573772941643D+01   0.24718718848336D+01   0.26152336021984D+01   0.27979693091595D+01   0.30345130756321D+01
 
  440.0000000   0.21030539737227D+01   0.21611449068745D+01   0.22344823664390D+01   0.23253808846255D+01   0.24380299816986D+01   0.25788975624120D+01   0.27580916127402D+01   0.29893585150028D+01
 
  440.0000000   0.20720600493011D+01   0.21291546556172D+01   0.22012095597072D+01   0.22904902818048D+01   0.24010496859756D+01   0.25391103023288D+01   0.27143509273181D+01   0.29397535888445D+01
 
  440.0000000   0.20386052590997D+01   0.20945469642629D+01   0.21651230169791D+01   0.22525382087308D+01   0.23606883304182D+01   0.24955154956411D+01   0.26662088182719D+01   0.28848438620719D+01
 
  440.0000000   0.20026213797982D+01   0.20571968031334D+01   0.21259984891744D+01   0.22111988103088D+01   0.23165018014614D+01   0.24474882779297D+01   0.26127082114130D+01   0.28230637298954D+01
 
  440.0000000   0.19637701447303D+01   0.20166522455222D+01   0.20832013560683D+01   0.21656379820968D+01   0.22674131657935D+01   0.23935910870499D+01   0.25517929377398D+01   0.27512922097580D+01
 
  440.0000000   0.19208558066212D+01   0.19714927950522D+01   0.20350132593987D+01   0.21137201910678D+01   0.22107017660603D+01   0.23302830205025D+01   0.24787678910355D+01   0.26631334970594D+01
 
  440.0000000   0.18704245837042D+01   0.19177616149408D+01   0.19768074210965D+01   0.20498637942939D+01   0.21394771540504D+01   0.22489533142384D+01   0.23828449151461D+01   0.25449385244829D+01
 
  440.0000000   0.18025295131864D+01   0.18443171362743D+01   0.18958045949995D+01   0.19590553124133D+01   0.20358200719096D+01   0.21280915673401D+01   0.22383239144242D+01   0.23661126034668D+01
 
  440.0000000   0.16788529702478D+01   0.17092667492911D+01   0.17455515518059D+01   0.17888423050885D+01   0.18396570498903D+01   0.18983438508639D+01   0.19650872115483D+01   0.20351211453855D+01
 
  440.0000000   0.15953416680769D+01   0.16179289709935D+01   0.16438491528468D+01   0.16735124229393D+01   0.17066746722198D+01   0.17427647903036D+01   0.17808063963846D+01   0.18140138726054D+01
