 #  SCIATRAN 2.2 (DOM, spherical mode)
 #  Height resolved air mass factors for no2
 #  Spectral range:  440.000 -  440.000
 #  The number of spectral points:    1
 #  The number of altitude levels:  51
    10.000     9.800     9.600     9.400     9.200     9.000     8.800     8.600     8.400     8.200     8.000     7.800     7.600     7.400     7.200     7.000     6.800     6.600     6.400     6.200     6.000     5.800     5.600     5.400     5.200     5.000     4.800     4.600     4.400     4.200     4.000     3.800     3.600     3.400     3.200     3.000     2.800     2.600     2.400     2.200     2.000     1.800     1.600     1.400     1.200     1.000     0.800     0.600     0.400     0.200     0.000
 
  440.0000000   0.10969840774505D+01   0.11476449293883D+01   0.12130072182574D+01   0.12963516439147D+01   0.14030418863859D+01   0.15412948120076D+01   0.17239642891687D+01   0.19726769839001D+01
 
  440.0000000   0.11017605632374D+01   0.11526702383398D+01   0.12183367173576D+01   0.13020433732268D+01   0.14091605249559D+01   0.15479147240585D+01   0.17311732668550D+01   0.19805768888730D+01
 
  440.0000000   0.11110238781539D+01   0.11624111218778D+01   0.12286610015618D+01   0.13130612483447D+01   0.14209942029705D+01   0.15607039859811D+01   0.17450820269255D+01   0.19957918115762D+01
 
  440.0000000   0.11197914093431D+01   0.11716213370555D+01   0.12384111835904D+01   0.13234512485662D+01   0.14321336505891D+01   0.15727168683111D+01   0.17581116108064D+01   0.20099943790600D+01
 
  440.0000000   0.11282125863136D+01   0.11804597252668D+01   0.12477577560747D+01   0.13333980831892D+01   0.14427808377910D+01   0.15841763469784D+01   0.17705108075311D+01   0.20234658495072D+01
 
  440.0000000   0.11364046343459D+01   0.11890508667248D+01   0.12568344025115D+01   0.13430465321557D+01   0.14530940050358D+01   0.15952570348040D+01   0.17824743472327D+01   0.20364262344474D+01
 
  440.0000000   0.11444591772686D+01   0.11974921238444D+01   0.12657455902122D+01   0.13525097203590D+01   0.14631967775527D+01   0.16060953316239D+01   0.17941543384549D+01   0.20490473914837D+01
 
  440.0000000   0.11524488918630D+01   0.12058606997546D+01   0.12745741262388D+01   0.13618772765654D+01   0.14731870503680D+01   0.16167991835471D+01   0.18056710862058D+01   0.20614651469565D+01
 
  440.0000000   0.11604332173785D+01   0.12142196888898D+01   0.12833876274298D+01   0.13712223110260D+01   0.14831445750305D+01   0.16274563988934D+01   0.18171222833620D+01   0.20737895539683D+01
 
  440.0000000   0.11684623783246D+01   0.12226223700786D+01   0.12922431513783D+01   0.13806064645403D+01   0.14931365250465D+01   0.16381408552072D+01   0.18285900266282D+01   0.20861129620297D+01
 
  440.0000000   0.11765800579887D+01   0.12311150604471D+01   0.13011902734287D+01   0.13900832579256D+01   0.15032211763950D+01   0.16489165827487D+01   0.18401453949459D+01   0.20985152180771D+01
 
  440.0000000   0.11848270992043D+01   0.12397410677028D+01   0.13102753541883D+01   0.13997027499345D+01   0.15134530487827D+01   0.16598435091424D+01   0.18518549605912D+01   0.21110711827914D+01
 
  440.0000000   0.11932467389615D+01   0.12485462251043D+01   0.13195474428196D+01   0.14095178814254D+01   0.15238897735244D+01   0.16709849493233D+01   0.18637890224595D+01   0.21238598558390D+01
 
  440.0000000   0.12018910413650D+01   0.12575856940543D+01   0.13290655334731D+01   0.14195922746968D+01   0.15346005378846D+01   0.16824168175034D+01   0.18760317392513D+01   0.21369756186017D+01
 
  440.0000000   0.12108286156909D+01   0.12669321700901D+01   0.13389073787431D+01   0.14300097874028D+01   0.15456765406035D+01   0.16942391904116D+01   0.18886940785963D+01   0.21505429536481D+01
 
  440.0000000   0.12201559023632D+01   0.12766878297146D+01   0.13491821638236D+01   0.14408881419016D+01   0.15572458606427D+01   0.17065927363948D+01   0.19019321558719D+01   0.21647371190216D+01
 
  440.0000000   0.12300166114763D+01   0.12870049556042D+01   0.13600526126609D+01   0.14524028103714D+01   0.15694994739734D+01   0.17196873122856D+01   0.19159790159635D+01   0.21798199187681D+01
 
  440.0000000   0.12406344136562D+01   0.12981206666233D+01   0.13717724700733D+01   0.14648276131713D+01   0.15827353611832D+01   0.17338501606204D+01   0.19311978752834D+01   0.21961993162624D+01
 
  440.0000000   0.12523685642753D+01   0.13104158684771D+01   0.13847495385237D+01   0.14786027021065D+01   0.15974324573299D+01   0.17496070895698D+01   0.19481721732136D+01   0.22145304772601D+01
 
  440.0000000   0.12659520687196D+01   0.13246696096311D+01   0.13998202309489D+01   0.14946342639565D+01   0.16145820648403D+01   0.17680546936401D+01   0.19681317350637D+01   0.22362137785630D+01
 
  440.0000000   0.17767984547031D+01   0.18361997258109D+01   0.19121723525457D+01   0.20079330251506D+01   0.21289510829413D+01   0.22836172418882D+01   0.24850045611574D+01   0.27544167924475D+01
 
  440.0000000   0.22782347092782D+01   0.23381116068410D+01   0.24146262349329D+01   0.25109551873954D+01   0.26325265571671D+01   0.27876660406058D+01   0.29893311210020D+01   0.32585072445847D+01
 
  440.0000000   0.22724448493705D+01   0.23325470199008D+01   0.24092823550180D+01   0.25057726838522D+01   0.26273776465566D+01   0.27823135800132D+01   0.29833488699146D+01   0.32510137973680D+01
 
  440.0000000   0.22635750050913D+01   0.23237269842626D+01   0.24004636887259D+01   0.24968528559218D+01   0.26181768788630D+01   0.27725263357386D+01   0.29724527849448D+01   0.32379911334309D+01
 
  440.0000000   0.22522451925523D+01   0.23123098982946D+01   0.23888754445594D+01   0.24849586414383D+01   0.26057579261961D+01   0.27592242751306D+01   0.29576681183061D+01   0.32205932509301D+01
 
  440.0000000   0.22388222210140D+01   0.22986853969669D+01   0.23749360509519D+01   0.24705436398709D+01   0.25906165971307D+01   0.27429532193679D+01   0.29395994072297D+01   0.31994939617570D+01
 
  440.0000000   0.22235000149844D+01   0.22830598192469D+01   0.23588693706291D+01   0.24538511694183D+01   0.25730173266698D+01   0.27240010278907D+01   0.29185618009166D+01   0.31750402713570D+01
 
  440.0000000   0.22063326444454D+01   0.22654910432315D+01   0.23407403978793D+01   0.24349520987764D+01   0.25530350056801D+01   0.27024454957180D+01   0.28946370042909D+01   0.31473176521956D+01
 
  440.0000000   0.21871982235196D+01   0.22458506390459D+01   0.23204152629055D+01   0.24137047698625D+01   0.25305164527953D+01   0.26781167080201D+01   0.28676309302864D+01   0.31160961009515D+01
 
  440.0000000   0.21655717649787D+01   0.22235875869389D+01   0.22973212808236D+01   0.23895088066268D+01   0.25048228936211D+01   0.26503209421857D+01   0.28367688471668D+01   0.30805014908941D+01
 
  440.0000000   0.21376260502606D+01   0.21948446028170D+01   0.22675270532133D+01   0.23583702471835D+01   0.24718987574190D+01   0.26148950022949D+01   0.27976370738105D+01   0.30355520469617D+01
 
  440.0000000   0.21103164229464D+01   0.21664755561624D+01   0.22376897788175D+01   0.23267073193070D+01   0.24378257406334D+01   0.25773523647756D+01   0.27546942250239D+01   0.29837020990691D+01
 
  440.0000000   0.20904260939258D+01   0.21454169698946D+01   0.22149761368325D+01   0.23018861526076D+01   0.24101379455195D+01   0.25454173302891D+01   0.27160061091671D+01   0.29336770188361D+01
 
  440.0000000   0.20694086001011D+01   0.21234596489206D+01   0.21916595859000D+01   0.22767706185986D+01   0.23825170821527D+01   0.25140812022602D+01   0.26788638327175D+01   0.28868810258100D+01
 
  440.0000000   0.20452222935983D+01   0.20983284919363D+01   0.21651586468525D+01   0.22484638017953D+01   0.23517575230818D+01   0.24798368685596D+01   0.26394487854970D+01   0.28392504462703D+01
 
  440.0000000   0.20191546638292D+01   0.20710162775430D+01   0.21361025630462D+01   0.22171311450904D+01   0.23173840009572D+01   0.24412471451678D+01   0.25947794213512D+01   0.27852584782683D+01
 
  440.0000000   0.19899560809443D+01   0.20402985466941D+01   0.21032953362177D+01   0.21815901909250D+01   0.22781928759708D+01   0.23970221789708D+01   0.25433662600794D+01   0.27229633169855D+01
 
  440.0000000   0.19578766446474D+01   0.20063846650026D+01   0.20668652866889D+01   0.21418658773884D+01   0.22340813816880D+01   0.23469006777728D+01   0.24847504126383D+01   0.26516353965535D+01
 
  440.0000000   0.19224399061963D+01   0.19687102806112D+01   0.20261182873168D+01   0.20970726404479D+01   0.21839106925919D+01   0.22894461729094D+01   0.24171992052441D+01   0.25692423252506D+01
 
  440.0000000   0.18827004782803D+01   0.19261985217406D+01   0.19797992931315D+01   0.20456982403573D+01   0.21258282895359D+01   0.22223991593775D+01   0.23380277477798D+01   0.24726759766362D+01
 
  440.0000000   0.18371104148168D+01   0.18771141937885D+01   0.19259396336697D+01   0.19854692863940D+01   0.20571666705985D+01   0.21425903190745D+01   0.22434399631781D+01   0.23574424125305D+01
 
  440.0000000   0.17832207444220D+01   0.18187387252195D+01   0.18614937445806D+01   0.19129038752373D+01   0.19738833401952D+01   0.20452956809755D+01   0.21279399993954D+01   0.22173234532788D+01
 
  440.0000000   0.17177731337213D+01   0.17474170254479D+01   0.17823198953541D+01   0.18232196053247D+01   0.18703916068883D+01   0.19239842280008D+01   0.19839856378859D+01   0.20439580467888D+01
 
  440.0000000   0.16456830575535D+01   0.16684820237991D+01   0.16943377057330D+01   0.17232445358494D+01   0.17547885384991D+01   0.17883568159462D+01   0.18231016847983D+01   0.18512505955424D+01
 
  440.0000000   0.15672785890388D+01   0.15853001784062D+01   0.16048811850821D+01   0.16255570388979D+01   0.16464192901463D+01   0.16662590698585D+01   0.16835091073683D+01   0.16899821534044D+01
 
  440.0000000   0.15088609156750D+01   0.15249103938096D+01   0.15419488400981D+01   0.15593230626959D+01   0.15759175843405D+01   0.15902607541891D+01   0.16004439509346D+01   0.15984548404602D+01
 
  440.0000000   0.14731945029669D+01   0.14877425131839D+01   0.15029177887086D+01   0.15179420654639D+01   0.15315976111987D+01   0.15422963862541D+01   0.15479904047225D+01   0.15409380801157D+01
 
  440.0000000   0.14309329584577D+01   0.14437712029065D+01   0.14568499314185D+01   0.14692984741766D+01   0.14798219750096D+01   0.14867448726135D+01   0.14879164560781D+01   0.14759318349171D+01
 
  440.0000000   0.13821374266431D+01   0.13930387934608D+01   0.14037663993248D+01   0.14133767554206D+01   0.14205181404501D+01   0.14234536029559D+01   0.14199654277258D+01   0.14030601691204D+01
 
  440.0000000   0.13243878417491D+01   0.13330085283019D+01   0.13409933607228D+01   0.13473498813433D+01   0.13506927179915D+01   0.13492526250057D+01   0.13407836922679D+01   0.13188062357812D+01
 
  440.0000000   0.12927887228335D+01   0.13001608769815D+01   0.13066501964425D+01   0.13112477181214D+01   0.13125578108121D+01   0.13088026579980D+01   0.12977317002241D+01   0.12731525887800D+01
