 #  SCIATRAN 2.2 (DOM, spherical mode)
 #  Height resolved air mass factors for no2
 #  Spectral range:  440.000 -  440.000
 #  The number of spectral points:    1
 #  The number of altitude levels:  51
    10.000     9.800     9.600     9.400     9.200     9.000     8.800     8.600     8.400     8.200     8.000     7.800     7.600     7.400     7.200     7.000     6.800     6.600     6.400     6.200     6.000     5.800     5.600     5.400     5.200     5.000     4.800     4.600     4.400     4.200     4.000     3.800     3.600     3.400     3.200     3.000     2.800     2.600     2.400     2.200     2.000     1.800     1.600     1.400     1.200     1.000     0.800     0.600     0.400     0.200     0.000
 
  440.0000000   0.11020831582657D+01   0.11531281087372D+01   0.12189738572553D+01   0.13028813053994D+01   0.14102664484370D+01   0.15494547315116D+01   0.17334782833646D+01   0.19839760261972D+01
 
  440.0000000   0.11072523449138D+01   0.11585478561899D+01   0.12247009375914D+01   0.13089754193582D+01   0.14167950369733D+01   0.15564967746184D+01   0.17411290884534D+01   0.19923491264645D+01
 
  440.0000000   0.11172804742595D+01   0.11690567019521D+01   0.12357990489275D+01   0.13207762521246D+01   0.14294262229273D+01   0.15701071071335D+01   0.17558970830033D+01   0.20084840201557D+01
 
  440.0000000   0.11267772074480D+01   0.11789986402817D+01   0.12462860242340D+01   0.13319112859932D+01   0.14413241902029D+01   0.15829006380452D+01   0.17697433155031D+01   0.20235604879035D+01
 
  440.0000000   0.11359017862477D+01   0.11885423664949D+01   0.12563422827158D+01   0.13425752596968D+01   0.14527011024592D+01   0.15951108220452D+01   0.17829275596829D+01   0.20378716617811D+01
 
  440.0000000   0.11447788100445D+01   0.11978198474860D+01   0.12661089279070D+01   0.13529204300362D+01   0.14637227813009D+01   0.16069200485766D+01   0.17956526810306D+01   0.20516463367368D+01
 
  440.0000000   0.11535052100969D+01   0.12069337370054D+01   0.12756957132881D+01   0.13630652180873D+01   0.14745181921232D+01   0.16184701686619D+01   0.18080764710508D+01   0.20650625037167D+01
 
  440.0000000   0.11621573045679D+01   0.12159648337287D+01   0.12851889976829D+01   0.13731027690212D+01   0.14851887339860D+01   0.16298726668975D+01   0.18203228919085D+01   0.20782599250067D+01
 
  440.0000000   0.11707967951994D+01   0.12249784145785D+01   0.12946584934509D+01   0.13831082030727D+01   0.14958160958092D+01   0.16412172461986D+01   0.18324915431115D+01   0.20913506865518D+01
 
  440.0000000   0.11794748316482D+01   0.12340285589397D+01   0.13041619141001D+01   0.13931436663129D+01   0.15064678091552D+01   0.16525780088033D+01   0.18446646392007D+01   0.21044272209105D+01
 
  440.0000000   0.11882346094390D+01   0.12431608841530D+01   0.13137477875611D+01   0.14032613223072D+01   0.15172005525151D+01   0.16640172043875D+01   0.18569112962785D+01   0.21175672315736D+01
 
  440.0000000   0.11971147214383D+01   0.12524161445534D+01   0.13234594434410D+01   0.14135077524764D+01   0.15280649869168D+01   0.16755905632883D+01   0.18692935142536D+01   0.21308405795438D+01
 
  440.0000000   0.12061538076564D+01   0.12618351917255D+01   0.13333405383180D+01   0.14239300046085D+01   0.15391122478638D+01   0.16873541989414D+01   0.18818735890034D+01   0.21443173964179D+01
 
  440.0000000   0.12153961997397D+01   0.12714648717446D+01   0.13434411124332D+01   0.14345819736108D+01   0.15504008671526D+01   0.16993722793427D+01   0.18947226762099D+01   0.21580776646396D+01
 
  440.0000000   0.12248979546317D+01   0.12813643999939D+01   0.13538243005016D+01   0.14455316124114D+01   0.15620046985405D+01   0.17117259057838D+01   0.19079308677985D+01   0.21722228078774D+01
 
  440.0000000   0.12347350608420D+01   0.12916140791042D+01   0.13645757599073D+01   0.14568711661909D+01   0.15740240635525D+01   0.17245253320032D+01   0.19216207566426D+01   0.21868910016496D+01
 
  440.0000000   0.12450179601278D+01   0.13023306730089D+01   0.13758201114195D+01   0.14687349463532D+01   0.15866051691792D+01   0.17379313854497D+01   0.19359712822954D+01   0.22022840406930D+01
 
  440.0000000   0.12559160401130D+01   0.13136933210824D+01   0.13877486678454D+01   0.14813293019211D+01   0.15999728027147D+01   0.17521914272446D+01   0.19512575683991D+01   0.22187119442711D+01
 
  440.0000000   0.12676988725644D+01   0.13259871600238D+01   0.14006660277145D+01   0.14949827771324D+01   0.16144848072182D+01   0.17676991990346D+01   0.19679176995935D+01   0.22366687174979D+01
 
  440.0000000   0.12811903411795D+01   0.13400885973544D+01   0.14155154939554D+01   0.15107213474818D+01   0.16312703111430D+01   0.17857153212993D+01   0.19873847614884D+01   0.22578168760592D+01
 
  440.0000000   0.17934713283389D+01   0.18530357221316D+01   0.19292740085030D+01   0.20254349983603D+01   0.21470934081299D+01   0.23028161964203D+01   0.25059442886045D+01   0.27779623077516D+01
 
  440.0000000   0.22997464426857D+01   0.23598787375358D+01   0.24367896839763D+01   0.25337153542655D+01   0.26562153597593D+01   0.28128251875054D+01   0.30168170153432D+01   0.32894516331351D+01
 
  440.0000000   0.23011235891557D+01   0.23616650587430D+01   0.24390400109881D+01   0.25364679832831D+01   0.26594745586529D+01   0.28165296980300D+01   0.30207780404114D+01   0.32931388046708D+01
 
  440.0000000   0.23003036897927D+01   0.23611263291593D+01   0.24388019627462D+01   0.25365346644906D+01   0.26598070953781D+01   0.28170069118240D+01   0.30211226734339D+01   0.32926786384539D+01
 
  440.0000000   0.22978899189308D+01   0.23589012791674D+01   0.24367594113631D+01   0.25346551929280D+01   0.26580211088792D+01   0.28151477305936D+01   0.30188414229953D+01   0.32891833767025D+01
 
  440.0000000   0.22942457936949D+01   0.23553737715542D+01   0.24333218073328D+01   0.25312737790148D+01   0.26546046086731D+01   0.28114901644058D+01   0.30145217760738D+01   0.32832883379311D+01
 
  440.0000000   0.22895787314382D+01   0.23507621057443D+01   0.24287223274450D+01   0.25266437906153D+01   0.26498352912298D+01   0.28063367570594D+01   0.30084842162280D+01   0.32753215228445D+01
 
  440.0000000   0.22839851031738D+01   0.23451667214175D+01   0.24230680297286D+01   0.25208788763144D+01   0.26438324637744D+01   0.27998106942627D+01   0.30008528021665D+01   0.32654003855245D+01
 
  440.0000000   0.22774402740820D+01   0.23385607481477D+01   0.24163329988182D+01   0.25139510842862D+01   0.26365613864603D+01   0.27918647252599D+01   0.29915613160316D+01   0.32534283542825D+01
 
  440.0000000   0.22696482050586D+01   0.23306322545151D+01   0.24081872809790D+01   0.25055112498558D+01   0.26276513805225D+01   0.27821012522422D+01   0.29801736492518D+01   0.32389198147666D+01
 
  440.0000000   0.22606133642095D+01   0.23214974305212D+01   0.23988769545355D+01   0.24959985896516D+01   0.26177943425169D+01   0.27714907562373D+01   0.29678887769172D+01   0.32231227909502D+01
 
  440.0000000   0.22546790410819D+01   0.23153211140484D+01   0.23923269158096D+01   0.24889741646069D+01   0.26099742728113D+01   0.27620767438675D+01   0.29551857607608D+01   0.32038078382324D+01
 
  440.0000000   0.22529516639368D+01   0.23130782764435D+01   0.23893238174129D+01   0.24849066116009D+01   0.26042101101510D+01   0.27533448544180D+01   0.29410584531028D+01   0.31796178575638D+01
 
  440.0000000   0.22491239868948D+01   0.23087921051861D+01   0.23842748435441D+01   0.24787846063535D+01   0.25964409888258D+01   0.27428428734941D+01   0.29258315660073D+01   0.31557435644506D+01
 
  440.0000000   0.22404850253867D+01   0.22995739452388D+01   0.23740843698415D+01   0.24673062160600D+01   0.25831637288326D+01   0.27268604219208D+01   0.29055463638694D+01   0.31280229091363D+01
 
  440.0000000   0.22285414437200D+01   0.22867022756999D+01   0.23597912347374D+01   0.24511475337249D+01   0.25644730043177D+01   0.27045441988996D+01   0.28777816994166D+01   0.30914015097568D+01
 
  440.0000000   0.22142412587250D+01   0.22712062328510D+01   0.23425257000257D+01   0.24315407917560D+01   0.25416921446322D+01   0.26772836999446D+01   0.28439488256367D+01   0.30471541522033D+01
 
  440.0000000   0.21973005698792D+01   0.22527282166895D+01   0.23218120079760D+01   0.24078432429378D+01   0.25139629139730D+01   0.26439672159497D+01   0.28026735675796D+01   0.29936202293892D+01
 
  440.0000000   0.21767901212384D+01   0.22302256568152D+01   0.22964544408486D+01   0.23786410781355D+01   0.24795834118221D+01   0.26025436055310D+01   0.27515248105390D+01   0.29279671347889D+01
 
  440.0000000   0.21511815878085D+01   0.22020107084751D+01   0.22645648636345D+01   0.23417807616452D+01   0.24360542559791D+01   0.25500732841614D+01   0.26870168003141D+01   0.28460872363724D+01
 
  440.0000000   0.21180611937652D+01   0.21654428297518D+01   0.22232246189790D+01   0.22939778267853D+01   0.23796198921647D+01   0.24822124768844D+01   0.26040964363015D+01   0.27421705943442D+01
 
  440.0000000   0.20735916587967D+01   0.21163508456153D+01   0.21678544737920D+01   0.22301145519171D+01   0.23044791909137D+01   0.23923382195942D+01   0.24952166001437D+01   0.26077890116859D+01
 
  440.0000000   0.20117440501391D+01   0.20481760796849D+01   0.20912452269811D+01   0.21421637257913D+01   0.22015940738116D+01   0.22701897169380D+01   0.23486713781454D+01   0.24298174695195D+01
 
  440.0000000   0.19340844291896D+01   0.19628193881607D+01   0.19957738134237D+01   0.20333033954736D+01   0.20753021599192D+01   0.21215705357286D+01   0.21718667656721D+01   0.22177034597576D+01
 
  440.0000000   0.18563158363140D+01   0.18793525874628D+01   0.19048827460188D+01   0.19327261651141D+01   0.19622126329326D+01   0.19924530593826D+01   0.20223430929230D+01   0.20430173854051D+01
 
  440.0000000   0.18023918365660D+01   0.18228917565942D+01   0.18451801145286D+01   0.18688550564039D+01   0.18930108012691D+01   0.19164585637703D+01   0.19376968147791D+01   0.19480497827406D+01
 
  440.0000000   0.17645167248424D+01   0.17832235510390D+01   0.18032920651632D+01   0.18241817689840D+01   0.18448727805183D+01   0.18640442894419D+01   0.18800321289330D+01   0.18844406482298D+01
 
  440.0000000   0.17215943611418D+01   0.17383680073511D+01   0.17560628471989D+01   0.17740264653952D+01   0.17911476004859D+01   0.18060014031004D+01   0.18167990310803D+01   0.18154737929486D+01
 
  440.0000000   0.16732083206623D+01   0.16878667605875D+01   0.17029839955103D+01   0.17178113990968D+01   0.17311641761777D+01   0.17415377401140D+01   0.17470534766036D+01   0.17400347641876D+01
 
  440.0000000   0.16168533689317D+01   0.16290932974475D+01   0.16412895150256D+01   0.16526168997549D+01   0.16618329471797D+01   0.16673699841560D+01   0.16672781521880D+01   0.16543551135375D+01
 
  440.0000000   0.15862078596607D+01   0.15971408645620D+01   0.16077654971450D+01   0.16172244872287D+01   0.16242505342281D+01   0.16272479230260D+01   0.16242340131168D+01   0.16082687198476D+01
