 #  SCIATRAN 2.2 (DOM, spherical mode)
 #  Height resolved air mass factors for no2
 #  Spectral range:  440.000 -  440.000
 #  The number of spectral points:    1
 #  The number of altitude levels:  44
    10.000     9.800     9.600     9.400     9.200     9.000     8.800     8.600     8.400     8.200     8.000     7.800     7.600     7.400     7.200     7.000     6.800     6.600     6.400     6.200     6.000     5.800     5.600     5.400     5.200     5.000     4.800     4.600     4.400     4.200     4.000     3.800     3.600     3.400     3.200     3.000     2.800     2.600     2.400     2.200     2.000     1.800     1.600     1.400
 
  440.0000000   0.11081329455785D+01   0.11597923437916D+01   0.12263925304927D+01   0.13113697960746D+01   0.14202117722130D+01   0.15612570726085D+01   0.17474460768391D+01   0.20012857317170D+01
 
  440.0000000   0.11137541806744D+01   0.11656872174339D+01   0.12326168392613D+01   0.13179778463911D+01   0.14272603849817D+01   0.15688076698890D+01   0.17555670609095D+01   0.20100508676412D+01
 
  440.0000000   0.11246731378947D+01   0.11771326126650D+01   0.12446955688165D+01   0.13307931888088D+01   0.14409197679036D+01   0.15834264228707D+01   0.17712724587240D+01   0.20269766748307D+01
 
  440.0000000   0.11350411354223D+01   0.11879910078231D+01   0.12561430998539D+01   0.13429238069724D+01   0.14538299921950D+01   0.15972183447764D+01   0.17860565079250D+01   0.20428620775248D+01
 
  440.0000000   0.11450301620503D+01   0.11984444687374D+01   0.12671537826318D+01   0.13545787292949D+01   0.14662174761450D+01   0.16104304404280D+01   0.18001907542098D+01   0.20580084946750D+01
 
  440.0000000   0.11547753746453D+01   0.12086360452078D+01   0.12778802863500D+01   0.13659221120339D+01   0.14782599785394D+01   0.16232565669280D+01   0.18138882450238D+01   0.20726523101866D+01
 
  440.0000000   0.11643825928988D+01   0.12186777318719D+01   0.12884421330528D+01   0.13770824690846D+01   0.14900966664733D+01   0.16358485088992D+01   0.18273158232613D+01   0.20869786899680D+01
 
  440.0000000   0.11739359134856D+01   0.12286585125387D+01   0.12989342636093D+01   0.13881618596794D+01   0.15018380344856D+01   0.16483267512187D+01   0.18406058930763D+01   0.21011345221225D+01
 
  440.0000000   0.11835042266348D+01   0.12386512393851D+01   0.13094343552025D+01   0.13992437250738D+01   0.15135743496278D+01   0.16607896338025D+01   0.18538664036538D+01   0.21152393788880D+01
 
  440.0000000   0.11931456899084D+01   0.12487173890817D+01   0.13200079249616D+01   0.14103984160565D+01   0.15253816933261D+01   0.16733200188953D+01   0.18671882851415D+01   0.21293939274731D+01
 
  440.0000000   0.12029105458154D+01   0.12589100606429D+01   0.13307115466918D+01   0.14216866747546D+01   0.15373257612087D+01   0.16859894704745D+01   0.18806500815857D+01   0.21436851175832D+01
 
  440.0000000   0.12128450197569D+01   0.12692781265684D+01   0.13415973141979D+01   0.14331644830346D+01   0.15494671844760D+01   0.16988641575680D+01   0.18943245775369D+01   0.21581937359649D+01
 
  440.0000000   0.12229968684307D+01   0.12798720845087D+01   0.13527190739520D+01   0.14448897890313D+01   0.15618688491236D+01   0.17120128143283D+01   0.19082873461408D+01   0.21730035016311D+01
 
  440.0000000   0.12334219528730D+01   0.12907510039219D+01   0.13641398597191D+01   0.14569304908347D+01   0.15746044920793D+01   0.17255160360038D+01   0.19226268795441D+01   0.21882122191363D+01
 
  440.0000000   0.12441916439078D+01   0.13019903966322D+01   0.13759403215369D+01   0.14693734251634D+01   0.15877683255331D+01   0.17394768113802D+01   0.19374566658785D+01   0.22039461665156D+01
 
  440.0000000   0.12554033117775D+01   0.13136933182303D+01   0.13882305133838D+01   0.14823370625360D+01   0.16014889017664D+01   0.17540358308785D+01   0.19529322025550D+01   0.22203791195353D+01
 
  440.0000000   0.12671986315092D+01   0.13260097426060D+01   0.14011705241849D+01   0.14959938772638D+01   0.16159537213565D+01   0.17693987124688D+01   0.19692809382761D+01   0.22377651807692D+01
 
  440.0000000   0.12797940366338D+01   0.13391689558168D+01   0.14150056849508D+01   0.15106087798999D+01   0.16314512171790D+01   0.17858818411645D+01   0.19868522691793D+01   0.22564937068813D+01
 
  440.0000000   0.12935318580976D+01   0.13535339865000D+01   0.14301257628908D+01   0.15266034307415D+01   0.16484405206850D+01   0.18039883064307D+01   0.20062011806315D+01   0.22771830139024D+01
 
  440.0000000   0.13101695614722D+01   0.13709862388116D+01   0.14485722950231D+01   0.15462161717127D+01   0.16694035946757D+01   0.18265077538253D+01   0.20305161554217D+01   0.23035461869399D+01
 
  440.0000000   0.18245881870593D+01   0.18863901511030D+01   0.19651792014050D+01   0.20642322264757D+01   0.21890424597972D+01   0.23479916803983D+01   0.25540679904010D+01   0.28293156918453D+01
 
  440.0000000   0.23281127107886D+01   0.23908156408167D+01   0.24706807656302D+01   0.25709763626664D+01   0.26971689251805D+01   0.28575768336912D+01   0.30650538821026D+01   0.33413103918941D+01
 
  440.0000000   0.23229473713401D+01   0.23863032283718D+01   0.24669174695800D+01   0.25680632713591D+01   0.26951478957945D+01   0.28563578678523D+01   0.30642910401230D+01   0.33401193603193D+01
 
  440.0000000   0.23140284532263D+01   0.23778020813779D+01   0.24588668065321D+01   0.25605063719271D+01   0.26880438132147D+01   0.28494845598507D+01   0.30570869763650D+01   0.33313695667675D+01
 
  440.0000000   0.23024397276767D+01   0.23664668543653D+01   0.24477721693500D+01   0.25496571403949D+01   0.26773413756162D+01   0.28386097582217D+01   0.30453132776871D+01   0.33172231709608D+01
 
  440.0000000   0.22886982346741D+01   0.23528447003444D+01   0.24342113971120D+01   0.25361352797791D+01   0.26637176918736D+01   0.28244875208825D+01   0.30298254957245D+01   0.32986623228137D+01
 
  440.0000000   0.22729979344593D+01   0.23371426124165D+01   0.24184158427165D+01   0.25201924275685D+01   0.26474389629223D+01   0.28073961161931D+01   0.30109197065418D+01   0.32760099449048D+01
 
  440.0000000   0.22553520129001D+01   0.23193790811926D+01   0.24004329018190D+01   0.25018857591779D+01   0.26285473705294D+01   0.27873451259068D+01   0.29885752793576D+01   0.32492317255909D+01
 
  440.0000000   0.22356852087095D+01   0.22994726637392D+01   0.23801818751446D+01   0.24811192390407D+01   0.26069133319484D+01   0.27641597097340D+01   0.29625765969920D+01   0.32180824549373D+01
 
  440.0000000   0.22138740791001D+01   0.22772800777174D+01   0.23574763401566D+01   0.24576635052111D+01   0.25822680842991D+01   0.27375332830682D+01   0.29325749554429D+01   0.31821544525414D+01
 
  440.0000000   0.21897398576073D+01   0.22525953435811D+01   0.23320509842116D+01   0.24311998045090D+01   0.25542488425898D+01   0.27070606188111D+01   0.28981058357942D+01   0.31408862109884D+01
 
  440.0000000   0.21630380627911D+01   0.22251434792756D+01   0.23035747123311D+01   0.24013395559790D+01   0.25224096797451D+01   0.26722327819124D+01   0.28585792309903D+01   0.30935713507908D+01
 
  440.0000000   0.21334367169790D+01   0.21945573488766D+01   0.22716254568322D+01   0.23675962140862D+01   0.24861898337276D+01   0.26324020766705D+01   0.28132429771779D+01   0.30393250928691D+01
 
  440.0000000   0.21004823228759D+01   0.21603415597446D+01   0.22356510045244D+01   0.23293432758153D+01   0.24448691298602D+01   0.25867345611530D+01   0.27611308723109D+01   0.29770277932854D+01
 
  440.0000000   0.20635703148450D+01   0.21218397621662D+01   0.21949303818882D+01   0.22857699304841D+01   0.23975187493971D+01   0.25341569921866D+01   0.27010068151806D+01   0.29052676735259D+01
 
  440.0000000   0.20218976081269D+01   0.20781835491082D+01   0.21485153407215D+01   0.22358090732071D+01   0.23429128974081D+01   0.24732573939148D+01   0.26312746747984D+01   0.28222826454721D+01
 
  440.0000000   0.19743991787465D+01   0.20282248288395D+01   0.20951583299893D+01   0.21780660518804D+01   0.22794614289094D+01   0.24022176090007D+01   0.25498931055171D+01   0.27258410161117D+01
 
  440.0000000   0.19196405113508D+01   0.19704215215783D+01   0.20331933711339D+01   0.21107111267536D+01   0.22051231108785D+01   0.23187340527827D+01   0.24542471904056D+01   0.26130072143524D+01
 
  440.0000000   0.18556485095962D+01   0.19026588110451D+01   0.19603427638054D+01   0.20312588461407D+01   0.21171502384848D+01   0.22197354837165D+01   0.23408762775899D+01   0.24799245704151D+01
 
  440.0000000   0.17796365762717D+01   0.18219578463441D+01   0.18734029801706D+01   0.19362167081750D+01   0.20116913382686D+01   0.21009471185649D+01   0.22050371694237D+01   0.23214260618817D+01
 
  440.0000000   0.16874375395940D+01   0.17238738498537D+01   0.17676019578787D+01   0.18204040690791D+01   0.18830705672672D+01   0.19561176626686D+01   0.20398430530096D+01   0.21300601373098D+01
 
  440.0000000   0.15720410706449D+01   0.16009409893594D+01   0.16349301705656D+01   0.16751551851061D+01   0.17218453841429D+01   0.17749048774170D+01   0.18339323026664D+01   0.18935227116723D+01
 
  440.0000000   0.14141139946501D+01   0.14325525434085D+01   0.14532272442626D+01   0.14764547783556D+01   0.15018082508337D+01   0.15285183179929D+01   0.15554598220587D+01   0.15768390887458D+01
 
  440.0000000   0.13208057237830D+01   0.13330363018363D+01   0.13458582785247D+01   0.13591219473581D+01   0.13720407246929D+01   0.13834809410844D+01   0.13919301659060D+01   0.13916771741740D+01
