 #  SCIATRAN 2.2 (DOM, spherical mode)
 #  Height resolved air mass factors for no2
 #  Spectral range:  440.000 -  440.000
 #  The number of spectral points:    1
 #  The number of altitude levels:  44
    10.000     9.800     9.600     9.400     9.200     9.000     8.800     8.600     8.400     8.200     8.000     7.800     7.600     7.400     7.200     7.000     6.800     6.600     6.400     6.200     6.000     5.800     5.600     5.400     5.200     5.000     4.800     4.600     4.400     4.200     4.000     3.800     3.600     3.400     3.200     3.000     2.800     2.600     2.400     2.200     2.000     1.800     1.600     1.400
 
  440.0000000   0.11074518237932D+01   0.11589723964394D+01   0.12254142476960D+01   0.13100247350849D+01   0.14182987402718D+01   0.15587810823628D+01   0.17450367557878D+01   0.19993531976060D+01
 
  440.0000000   0.11128277035788D+01   0.11646164293093D+01   0.12313852261587D+01   0.13163827402008D+01   0.14251100845691D+01   0.15661218295011D+01   0.17529971808096D+01   0.20080341569109D+01
 
  440.0000000   0.11232690563191D+01   0.11755733158330D+01   0.12429702496870D+01   0.13287102165833D+01   0.14383056002984D+01   0.15803287159835D+01   0.17683844837867D+01   0.20247870348992D+01
 
  440.0000000   0.11331816863786D+01   0.11859655052815D+01   0.12539459395999D+01   0.13403734887055D+01   0.14507696803136D+01   0.15937214497940D+01   0.17828546182530D+01   0.20404902890739D+01
 
  440.0000000   0.11427304925936D+01   0.11959678511936D+01   0.12644994292447D+01   0.13515745707062D+01   0.14627222796911D+01   0.16065416833099D+01   0.17966757690817D+01   0.20554451717915D+01
 
  440.0000000   0.11520451343625D+01   0.12057178073048D+01   0.12747777857207D+01   0.13624721696827D+01   0.14743361282614D+01   0.16189790950049D+01   0.18100583335869D+01   0.20698878718419D+01
 
  440.0000000   0.11612272356328D+01   0.12153230937599D+01   0.12848962500691D+01   0.13731906308113D+01   0.14857465382563D+01   0.16311822566569D+01   0.18231671064909D+01   0.20840033862153D+01
 
  440.0000000   0.11703577244456D+01   0.12248694635558D+01   0.12949465275276D+01   0.13838288590023D+01   0.14970610812627D+01   0.16432692130435D+01   0.18361329446392D+01   0.20979385065463D+01
 
  440.0000000   0.11795031436952D+01   0.12344273741863D+01   0.13050039013354D+01   0.13944679638962D+01   0.15083678661761D+01   0.16553365132631D+01   0.18490626995033D+01   0.21118128401217D+01
 
  440.0000000   0.11887200338025D+01   0.12440566536175D+01   0.13151322515746D+01   0.14051767126465D+01   0.15197415245614D+01   0.16674658540967D+01   0.18620466863791D+01   0.21257273458513D+01
 
  440.0000000   0.11980578027086D+01   0.12538095566435D+01   0.13253873411149D+01   0.14160150945340D+01   0.15312471116792D+01   0.16797283879564D+01   0.18751634893796D+01   0.21397697587676D+01
 
  440.0000000   0.12075627114151D+01   0.12637350116816D+01   0.13358213887361D+01   0.14270392961295D+01   0.15429455766827D+01   0.16921908079523D+01   0.18884868241530D+01   0.21540224647285D+01
 
  440.0000000   0.12172836190075D+01   0.12738846811106D+01   0.13464895148000D+01   0.14383086056960D+01   0.15549012087838D+01   0.17049234340016D+01   0.19020943850115D+01   0.21685722518337D+01
 
  440.0000000   0.12272790094988D+01   0.12843203743550D+01   0.13574576269819D+01   0.14498938614812D+01   0.15671907503177D+01   0.17180101128241D+01   0.19160786848786D+01   0.21835222716040D+01
 
  440.0000000   0.12376252540785D+01   0.12951228126770D+01   0.13688118088478D+01   0.14618875973900D+01   0.15799144600402D+01   0.17315604035740D+01   0.19305606393930D+01   0.21990073954711D+01
 
  440.0000000   0.12484285772374D+01   0.13064042992269D+01   0.13806718579270D+01   0.14744186237446D+01   0.15932119420508D+01   0.17457269112332D+01   0.19457087428097D+01   0.22152156668140D+01
 
  440.0000000   0.12598458898989D+01   0.13183307537386D+01   0.13932147569833D+01   0.14876772673578D+01   0.16072895543396D+01   0.17607353459126D+01   0.19617723786604D+01   0.22324256218216D+01
 
  440.0000000   0.12721200562187D+01   0.13311589805189D+01   0.14067143217687D+01   0.15019579493815D+01   0.16224665756845D+01   0.17769350644403D+01   0.19791376977795D+01   0.22510686911148D+01
 
  440.0000000   0.12856392896690D+01   0.13452995533998D+01   0.14216086039668D+01   0.15177318692270D+01   0.16392540093415D+01   0.17948850603781D+01   0.19984222736222D+01   0.22718344864831D+01
 
  440.0000000   0.13012191694114D+01   0.13616177585669D+01   0.14388248399253D+01   0.15360015495121D+01   0.16587460828856D+01   0.18157927629398D+01   0.20209763672775D+01   0.22962549884840D+01
 
  440.0000000   0.18144841147654D+01   0.18756673436654D+01   0.19538187363737D+01   0.20520873652570D+01   0.21760731708960D+01   0.23345145987472D+01   0.25412474711211D+01   0.28181346756243D+01
 
  440.0000000   0.23188402341110D+01   0.23806551194576D+01   0.24595411787066D+01   0.25586149991243D+01   0.26834431099220D+01   0.28427095487514D+01   0.30501506585669D+01   0.33273368245404D+01
 
  440.0000000   0.23162203029531D+01   0.23784502039209D+01   0.24577932023138D+01   0.25573225918316D+01   0.26825477338562D+01   0.28420581261289D+01   0.30494228299608D+01   0.33257984038241D+01
 
  440.0000000   0.23106191684050D+01   0.23731012593685D+01   0.24526978922309D+01   0.25524418974115D+01   0.26777781141410D+01   0.28371865559724D+01   0.30440428638035D+01   0.33190528278425D+01
 
  440.0000000   0.23027190386201D+01   0.23653307944145D+01   0.24450265642013D+01   0.25448043893983D+01   0.26700392573697D+01   0.28290891093303D+01   0.30351132073844D+01   0.33083328729812D+01
 
  440.0000000   0.22929454004177D+01   0.23555894447940D+01   0.24352615304068D+01   0.25349307159371D+01   0.26598974078136D+01   0.28183856683328D+01   0.30233164310757D+01   0.32943938812677D+01
 
  440.0000000   0.22815612293570D+01   0.23441552442136D+01   0.24237002293870D+01   0.25231406213922D+01   0.26476976335144D+01   0.28054503528622D+01   0.30090608073110D+01   0.32776820541925D+01
 
  440.0000000   0.22687272358027D+01   0.23311967739109D+01   0.24105205648268D+01   0.25096232081106D+01   0.26336418413159D+01   0.27904986343272D+01   0.29925743932541D+01   0.32584317217520D+01
 
  440.0000000   0.22545391552722D+01   0.23168125740254D+01   0.23958240842299D+01   0.24944866533942D+01   0.26178465422067D+01   0.27736512254291D+01   0.29739664485148D+01   0.32367149719321D+01
 
  440.0000000   0.22390484109038D+01   0.23010533249854D+01   0.23796609538796D+01   0.24777823191968D+01   0.26003631241123D+01   0.27549515272865D+01   0.29532515429321D+01   0.32124842626329D+01
 
  440.0000000   0.22222766160269D+01   0.22839362026373D+01   0.23620423508187D+01   0.24595124832867D+01   0.25811796773718D+01   0.27343640787988D+01   0.29303544144886D+01   0.31855933385640D+01
 
  440.0000000   0.22042208501436D+01   0.22654490999751D+01   0.23429419114753D+01   0.24396326501339D+01   0.25602270247430D+01   0.27117829508528D+01   0.29051106702154D+01   0.31557772432991D+01
 
  440.0000000   0.21848407802947D+01   0.22455357579948D+01   0.23222766816324D+01   0.24180295784763D+01   0.25373549067715D+01   0.26870052957782D+01   0.28772329884873D+01   0.31226042632003D+01
 
  440.0000000   0.21640309523687D+01   0.22240678843321D+01   0.22998870759095D+01   0.23945026171272D+01   0.25123058456212D+01   0.26596904328252D+01   0.28462535531397D+01   0.30854058579124D+01
 
  440.0000000   0.21415795861797D+01   0.22008028996521D+01   0.22755012905435D+01   0.23687237250254D+01   0.24846585731396D+01   0.26292809826750D+01   0.28114327781423D+01   0.30431915193979D+01
 
  440.0000000   0.21171236505201D+01   0.21753277544610D+01   0.22486461970036D+01   0.23401194638632D+01   0.24536907799796D+01   0.25948573190432D+01   0.27716151925739D+01   0.29945046005207D+01
 
  440.0000000   0.20900712315324D+01   0.21469662651971D+01   0.22185175816045D+01   0.23077193081046D+01   0.24182221209127D+01   0.25549782949832D+01   0.27250398929241D+01   0.29371598089007D+01
 
  440.0000000   0.20594208155046D+01   0.21145865599777D+01   0.21837830418528D+01   0.22699470548773D+01   0.23763822037914D+01   0.25074098008596D+01   0.26690090290925D+01   0.28678417902041D+01
 
  440.0000000   0.20234508298498D+01   0.20762728148011D+01   0.21422492148470D+01   0.22242570680355D+01   0.23251864078414D+01   0.24486234668195D+01   0.25993240864444D+01   0.27815200341798D+01
 
  440.0000000   0.19791970042858D+01   0.20287667449859D+01   0.20902648948995D+01   0.21664519558922D+01   0.22597287038469D+01   0.23728646775090D+01   0.25093118204489D+01   0.26705560985715D+01
 
  440.0000000   0.19214660893871D+01   0.19664158425714D+01   0.20216013987739D+01   0.20895038661963D+01   0.21719398694453D+01   0.22708096204051D+01   0.23882765026083D+01   0.25228835024814D+01
 
  440.0000000   0.18404651584853D+01   0.18786421129582D+01   0.19247339532230D+01   0.19806607399329D+01   0.20475108072423D+01   0.21262348236659D+01   0.22177203158431D+01   0.23176423275564D+01
 
  440.0000000   0.17086829158876D+01   0.17358876420436D+01   0.17676076525163D+01   0.18047467745119D+01   0.18474221725483D+01   0.18954672340720D+01   0.19484230036436D+01   0.19998493720215D+01
 
  440.0000000   0.16248377966561D+01   0.16451208265495D+01   0.16678620136080D+01   0.16933154731216D+01   0.17210353509942D+01   0.17502393759826D+01   0.17797629646851D+01   0.18024193488768D+01
