60.60 9.0000e-06
58.60 9.0000e-06
56.50 1.5000e-05
54.40 2.8000e-05
52.20 5.2000e-05
50.00 1.0340e-05
47.70 2.1150e-04
45.50 4.4240e-04
43.30 9.1800e-04
41.10 1.7930e-03
39.00 3.1200e-03
36.90 4.5620e-03
34.80 5.5540e-03
32.80 5.7670e-03
30.90 5.1500e-03
29.00 4.0140e-03
27.10 2.7200e-03
25.20 1.7090e-03
23.40 1.0170e-03
21.50 5.5400e-04
19.70 1.9260e-04
17.90 5.2600e-05
16.10 2.7100e-05
14.40 1.8000e-05
12.50 1.2190e-05
10.70 1.0000e-10
10.0 1.00802e-10
9.9 1.05489e-10
9.8 1.10395e-10
9.7 1.15529e-10
9.6 1.20901e-10
9.5 1.26524e-10
9.4 1.32407e-10
9.3 1.38565e-10
9.2 1.45008e-10
9.1 1.51752e-10
9.0 1.58809e-10
8.9 1.66194e-10
8.8 1.73923e-10
8.7 1.82011e-10
8.6 1.90475e-10
8.5 1.99332e-10
8.4 2.08602e-10
8.3 2.18303e-10
8.2 2.28455e-10
8.1 2.39079e-10
8.0 2.50196e-10
7.9 2.61831e-10
7.8 2.74008e-10
7.7 2.86750e-10
7.6 3.00085e-10
7.5 3.14040e-10
7.4 3.28644e-10
7.3 3.43927e-10
7.2 3.59920e-10
7.1 3.76658e-10
7.0 3.94174e-10
6.9 4.12504e-10
6.8 4.31687e-10
6.7 4.51762e-10
6.6 4.72771e-10
6.5 4.94756e-10
6.4 5.17764e-10
6.3 5.41842e-10
6.2 5.67039e-10
6.1 5.93408e-10
6.0 6.21004e-10
5.9 6.49883e-10
5.8 6.80105e-10
5.7 7.11732e-10
5.6 7.44830e-10
5.5 7.79467e-10
5.4 8.15715e-10
5.3 8.53648e-10
5.2 8.93346e-10
5.1 9.34890e-10
5.0 9.78365e-10
4.9 1.02386e-09
4.8 1.07148e-09
4.7 1.12130e-09
4.6 1.17345e-09
4.5 1.22802e-09
4.4 1.28512e-09
4.3 1.34489e-09
4.2 1.40743e-09
4.1 1.47288e-09
4.0 1.54137e-09
3.9 1.61305e-09
3.8 1.68806e-09
3.7 1.76656e-09
3.6 1.84872e-09
3.5 1.93469e-09
3.4 2.02466e-09
3.3 2.11881e-09
3.2 2.21734e-09
3.1 2.32046e-09
3.0 2.42837e-09
2.9 2.54129e-09
2.8 2.65947e-09
2.7 2.78315e-09
2.6 2.91257e-09
2.5 3.04802e-09
2.4 3.18976e-09
2.3 3.33810e-09
2.2 3.49333e-09
2.1 3.65578e-09
2.0 3.82579e-09
1.9 4.00370e-09
1.8 4.18988e-09
1.7 4.38473e-09
1.6 4.58863e-09
1.5 4.80202e-09
1.4 5.02533e-09
