 #  SCIATRAN 2.2 (DOM, spherical mode)
 #  Height resolved air mass factors for no2
 #  Spectral range:  440.000 -  440.000
 #  The number of spectral points:    1
 #  The number of altitude levels:  44
    10.000     9.800     9.600     9.400     9.200     9.000     8.800     8.600     8.400     8.200     8.000     7.800     7.600     7.400     7.200     7.000     6.800     6.600     6.400     6.200     6.000     5.800     5.600     5.400     5.200     5.000     4.800     4.600     4.400     4.200     4.000     3.800     3.600     3.400     3.200     3.000     2.800     2.600     2.400     2.200     2.000     1.800     1.600     1.400
 
  440.0000000   0.10989023851647D+01   0.11493284756373D+01   0.12142453706975D+01   0.12969153969955D+01   0.14026114344080D+01   0.15394239559970D+01   0.17200738042064D+01   0.19659577795097D+01
 
  440.0000000   0.11044551983459D+01   0.11551683577425D+01   0.12204315110355D+01   0.13035059782804D+01   0.14096675517015D+01   0.15470117007087D+01   0.17282666621930D+01   0.19748280099961D+01
 
  440.0000000   0.11152612548630D+01   0.11665280416280D+01   0.12324584389116D+01   0.13163109197405D+01   0.14233661172007D+01   0.15617281155889D+01   0.17441378675659D+01   0.19919843931119D+01
 
  440.0000000   0.11255621814422D+01   0.11773473740215D+01   0.12439015638266D+01   0.13284788337460D+01   0.14363628845921D+01   0.15756639488838D+01   0.17591319941790D+01   0.20081419804659D+01
 
  440.0000000   0.11355268061333D+01   0.11878055755366D+01   0.12549528161264D+01   0.13402168926679D+01   0.14488831463908D+01   0.15890660083937D+01   0.17735215599476D+01   0.20236044209792D+01
 
  440.0000000   0.11452889307101D+01   0.11980446453412D+01   0.12657642156399D+01   0.13516891121364D+01   0.14611051575234D+01   0.16021294415078D+01   0.17875218982761D+01   0.20386114567416D+01
 
  440.0000000   0.11549546607093D+01   0.12081771696639D+01   0.12764562702422D+01   0.13630254695910D+01   0.14731701249350D+01   0.16150087762243D+01   0.18013034749486D+01   0.20533528291525D+01
 
  440.0000000   0.11646099767411D+01   0.12182943430274D+01   0.12871265452252D+01   0.13743311313012D+01   0.14851922113124D+01   0.16278288308032D+01   0.18150038449730D+01   0.20679814580182D+01
 
  440.0000000   0.11743273598405D+01   0.12284729809267D+01   0.12978571459871D+01   0.13856944922755D+01   0.14972672282937D+01   0.16406941696876D+01   0.18287380005186D+01   0.20826248340171D+01
 
  440.0000000   0.11841705396046D+01   0.12387805776120D+01   0.13087201580500D+01   0.13971930801484D+01   0.15094791010124D+01   0.16536962490563D+01   0.18426063555705D+01   0.20973940606437D+01
 
  440.0000000   0.11941978191500D+01   0.12492788462943D+01   0.13197814501206D+01   0.14088976727120D+01   0.15219043586688D+01   0.16669183495575D+01   0.18567002064627D+01   0.21123899521655D+01
 
  440.0000000   0.12044668443459D+01   0.12600287994131D+01   0.13311061388958D+01   0.14208782288922D+01   0.15346186286356D+01   0.16804427548905D+01   0.18711097557904D+01   0.21277121237741D+01
 
  440.0000000   0.12150417145525D+01   0.12710982603928D+01   0.13427665860608D+01   0.14332124540271D+01   0.15477058598095D+01   0.16943607353781D+01   0.18859349784459D+01   0.21434708712816D+01
 
  440.0000000   0.12260021898852D+01   0.12825715908308D+01   0.13548527552158D+01   0.14459968933925D+01   0.15612702687236D+01   0.17087854802963D+01   0.19012997033717D+01   0.21598025776129D+01
 
  440.0000000   0.12374553429509D+01   0.12945620482217D+01   0.13674854346359D+01   0.14593611827275D+01   0.15754518048635D+01   0.17238690081302D+01   0.19173702714343D+01   0.21768904974360D+01
 
  440.0000000   0.12495530438012D+01   0.13072303030775D+01   0.13808360117513D+01   0.14734893024947D+01   0.15904491338660D+01   0.17398271783487D+01   0.19343829615006D+01   0.21949950489340D+01
 
  440.0000000   0.12625220795364D+01   0.13208163290502D+01   0.13951605219980D+01   0.14886561694202D+01   0.16065592037062D+01   0.17569827546486D+01   0.19526912275763D+01   0.22145060234541D+01
 
  440.0000000   0.12767152369804D+01   0.13356934551558D+01   0.14108573147868D+01   0.15052895476973D+01   0.16242441063582D+01   0.17758380643459D+01   0.19728452470677D+01   0.22360302793212D+01
 
  440.0000000   0.12926982062424D+01   0.13524602500270D+01   0.14285648075389D+01   0.15240748531518D+01   0.16442442856164D+01   0.17971981690519D+01   0.19957269137431D+01   0.22605406246797D+01
 
  440.0000000   0.13113982345649D+01   0.13720978695394D+01   0.14493295868990D+01   0.15461357383877D+01   0.16677735089458D+01   0.18223825804460D+01   0.20227814885010D+01   0.22896311299257D+01
 
  440.0000000   0.18264040039562D+01   0.18880828848178D+01   0.19664738316674D+01   0.20645803828786D+01   0.21876416968229D+01   0.23437807044149D+01   0.25457938977348D+01   0.28141727646758D+01
 
  440.0000000   0.23284813860977D+01   0.23909095051070D+01   0.24701429845453D+01   0.25691115709177D+01   0.26929863571927D+01   0.28497964746247D+01   0.30521915180702D+01   0.33202384889801D+01
 
  440.0000000   0.23207606714404D+01   0.23836389934793D+01   0.24633317293387D+01   0.25626772911941D+01   0.26867481829759D+01   0.28434312146566D+01   0.30451500102993D+01   0.33114037521651D+01
 
  440.0000000   0.23091201076159D+01   0.23722371362367D+01   0.24521301571830D+01   0.25515459934539D+01   0.26754517631193D+01   0.28315796982619D+01   0.30321071086223D+01   0.32959441755942D+01
 
  440.0000000   0.22943758173211D+01   0.23575699804246D+01   0.24374653113552D+01   0.25367173155070D+01   0.26601825733105D+01   0.28154292449740D+01   0.30143725109501D+01   0.32753173217703D+01
 
  440.0000000   0.22770312415543D+01   0.23401721906882D+01   0.24199100177224D+01   0.25188097112190D+01   0.26416132679202D+01   0.27957170551799D+01   0.29927611678625D+01   0.32504324613117D+01
 
  440.0000000   0.22573863261504D+01   0.23203627973350D+01   0.23998066474373D+01   0.24981937473684D+01   0.26201482449361D+01   0.27728881377243D+01   0.29677672575684D+01   0.32218439333424D+01
 
  440.0000000   0.22356070204562D+01   0.22983189467995D+01   0.23773460422772D+01   0.24750771717953D+01   0.25960159513645D+01   0.27471961570499D+01   0.29396752207029D+01   0.31898743506239D+01
 
  440.0000000   0.22117687333941D+01   0.22741220500158D+01   0.23526169286487D+01   0.24495582178451D+01   0.25693267849113D+01   0.27187667650146D+01   0.29086295540470D+01   0.31546920760437D+01
 
  440.0000000   0.21858844753932D+01   0.22477876297740D+01   0.23256378953306D+01   0.24216603341964D+01   0.25401111894582D+01   0.26876395339156D+01   0.28746807357417D+01   0.31163614489430D+01
 
  440.0000000   0.21579212166607D+01   0.22192826688486D+01   0.22963761252127D+01   0.23913527228863D+01   0.25083423604827D+01   0.26537930107548D+01   0.28378124511064D+01   0.30748722019479D+01
 
  440.0000000   0.21278062044129D+01   0.21885324183572D+01   0.22647548112119D+01   0.23585581626546D+01   0.24739444738038D+01   0.26171539141189D+01   0.27979533904546D+01   0.30301558290398D+01
 
  440.0000000   0.20954164370054D+01   0.21554097438055D+01   0.22306427437306D+01   0.23231425707417D+01   0.24367819176192D+01   0.25775859203018D+01   0.27549658964812D+01   0.29820747456657D+01
 
  440.0000000   0.20605544832496D+01   0.21197101591889D+01   0.21938285995763D+01   0.22848880175859D+01   0.23966306203250D+01   0.25348593888318D+01   0.27086151499150D+01   0.29303922790745D+01
 
  440.0000000   0.20229139867922D+01   0.20811155784668D+01   0.21539812364337D+01   0.22434496833093D+01   0.23531323842950D+01   0.24886042487992D+01   0.26585222977381D+01   0.28747268556436D+01
 
  440.0000000   0.19820247386282D+01   0.20391370959308D+01   0.21105902450567D+01   0.21982967724368D+01   0.23057375207193D+01   0.24382515556835D+01   0.26040936033187D+01   0.28144547038101D+01
 
  440.0000000   0.19371654588267D+01   0.19930267401995D+01   0.20628843003828D+01   0.21486300773596D+01   0.22536117959299D+01   0.23829218726833D+01   0.25443887953212D+01   0.27485605762559D+01
 
  440.0000000   0.18872422682584D+01   0.19416491958917D+01   0.20096926855733D+01   0.20932239312213D+01   0.21954492122570D+01   0.23212026162904D+01   0.24778650007566D+01   0.26753415929848D+01
 
  440.0000000   0.18307003473466D+01   0.18833761224824D+01   0.19493044309519D+01   0.20302445176526D+01   0.21292422034995D+01   0.22508554030608D+01   0.24019919682627D+01   0.25918638526258D+01
 
  440.0000000   0.17656848036093D+01   0.18162050796316D+01   0.18794925385627D+01   0.19571791521600D+01   0.20521149305485D+01   0.21685304773711D+01   0.23127791654352D+01   0.24931513974285D+01
 
  440.0000000   0.16897379692456D+01   0.17373155063098D+01   0.17968530393949D+01   0.18699558056320D+01   0.19591864381274D+01   0.20682372653366D+01   0.22025317200420D+01   0.23686940888205D+01
 
  440.0000000   0.15944468839975D+01   0.16370766725966D+01   0.16900593241915D+01   0.17550748057676D+01   0.18341023552257D+01   0.19297217998524D+01   0.20454645776901D+01   0.21845331931487D+01
 
  440.0000000   0.14187438408144D+01   0.14481070396226D+01   0.14835704410862D+01   0.15261229363201D+01   0.15763879582371D+01   0.16349280137971D+01   0.17022725377705D+01   0.17763500185717D+01
 
  440.0000000   0.12972505116390D+01   0.13165609988087D+01   0.13388036401069D+01   0.13642392072412D+01   0.13925403864617D+01   0.14230099314200D+01   0.14544475001509D+01   0.14818149543765D+01
