 #  SCIATRAN 2.2 (DOM, spherical mode)
 #  Height resolved air mass factors for no2
 #  Spectral range:  440.000 -  440.000
 #  The number of spectral points:    1
 #  The number of altitude levels:  51
    10.000     9.800     9.600     9.400     9.200     9.000     8.800     8.600     8.400     8.200     8.000     7.800     7.600     7.400     7.200     7.000     6.800     6.600     6.400     6.200     6.000     5.800     5.600     5.400     5.200     5.000     4.800     4.600     4.400     4.200     4.000     3.800     3.600     3.400     3.200     3.000     2.800     2.600     2.400     2.200     2.000     1.800     1.600     1.400     1.200     1.000     0.800     0.600     0.400     0.200     0.000
 
  440.0000000   0.10950024547411D+01   0.11457411275247D+01   0.12111465924541D+01   0.12949230164414D+01   0.14023848268477D+01   0.15412134318529D+01   0.17227165246337D+01   0.19684498062798D+01
 
  440.0000000   0.11006352994751D+01   0.11516365550281D+01   0.12173571755857D+01   0.13014995675151D+01   0.14093797030713D+01   0.15486817807394D+01   0.17307171866945D+01   0.19770502670817D+01
 
  440.0000000   0.11115807566099D+01   0.11630872585955D+01   0.12294138503465D+01   0.13142587570154D+01   0.14229402471749D+01   0.15631469893414D+01   0.17461961084114D+01   0.19936648607881D+01
 
  440.0000000   0.11219814641590D+01   0.11739587736850D+01   0.12408492209028D+01   0.13263456231605D+01   0.14357671130747D+01   0.15768048371147D+01   0.17607787098796D+01   0.20092709582081D+01
 
  440.0000000   0.11320088421686D+01   0.11844321729614D+01   0.12518560950572D+01   0.13379669536741D+01   0.14480835880388D+01   0.15898980395393D+01   0.17747306819702D+01   0.20241622247718D+01
 
  440.0000000   0.11417977368863D+01   0.11946498675479D+01   0.12625860802253D+01   0.13492853012777D+01   0.14600651311371D+01   0.16026172422353D+01   0.17882606223250D+01   0.20385690867435D+01
 
  440.0000000   0.11514538891032D+01   0.12047235221144D+01   0.12731580456410D+01   0.13604281072059D+01   0.14718492901087D+01   0.16151118886939D+01   0.18015320499139D+01   0.20526721846334D+01
 
  440.0000000   0.11610615854677D+01   0.12147421163389D+01   0.12836666660339D+01   0.13714968275562D+01   0.14835455225973D+01   0.16275008574568D+01   0.18146749870363D+01   0.20666150705883D+01
 
  440.0000000   0.11706902764731D+01   0.12247788983638D+01   0.12941897287448D+01   0.13825747011770D+01   0.14952435505289D+01   0.16398815270241D+01   0.18277958394837D+01   0.20805150246857D+01
 
  440.0000000   0.11803990788369D+01   0.12348961835676D+01   0.13047933679134D+01   0.13937324470183D+01   0.15070195431714D+01   0.16523364998213D+01   0.18409847885255D+01   0.20944713289119D+01
 
  440.0000000   0.11902396890113D+01   0.12451484790214D+01   0.13155355453432D+01   0.14050320832026D+01   0.15189402370129D+01   0.16649380132678D+01   0.18543205557483D+01   0.21085705090993D+01
 
  440.0000000   0.12002606263811D+01   0.12555869498659D+01   0.13264706876129D+01   0.14165318652031D+01   0.15310683431948D+01   0.16777539822349D+01   0.18678772118939D+01   0.21228940686025D+01
 
  440.0000000   0.12105133232986D+01   0.12662658048701D+01   0.13376563771876D+01   0.14282933762383D+01   0.15434701470515D+01   0.16908562137146D+01   0.18817330910645D+01   0.21375281876828D+01
 
  440.0000000   0.12210595196671D+01   0.12772500869362D+01   0.13491616659926D+01   0.14403904141604D+01   0.15562250128971D+01   0.17043305927421D+01   0.18959817630234D+01   0.21525756253399D+01
 
  440.0000000   0.12319800127378D+01   0.12886249201439D+01   0.13610769300860D+01   0.14529195703574D+01   0.15694368226652D+01   0.17182895477440D+01   0.19107457430201D+01   0.21681709750688D+01
 
  440.0000000   0.12433873731388D+01   0.13005089248513D+01   0.13735281334552D+01   0.14660154949162D+01   0.15832504140347D+01   0.17328898657036D+01   0.19261959401726D+01   0.21845020830083D+01
 
  440.0000000   0.12554480457695D+01   0.13130775262796D+01   0.13867016055508D+01   0.14798774120867D+01   0.15978801362762D+01   0.17483636468870D+01   0.19425854588263D+01   0.22018472904624D+01
 
  440.0000000   0.12684197822693D+01   0.13266024033696D+01   0.14008859381433D+01   0.14948139028574D+01   0.16136580071661D+01   0.17650704122657D+01   0.19603063729211D+01   0.22206378055991D+01
 
  440.0000000   0.12827149848393D+01   0.13415182443681D+01   0.14165428842328D+01   0.15113186898838D+01   0.16311152127585D+01   0.17835852947058D+01   0.19799858216072D+01   0.22415632750590D+01
 
  440.0000000   0.12991979715194D+01   0.13587390551422D+01   0.14346474685487D+01   0.15304398273937D+01   0.16513870960403D+01   0.18051488642016D+01   0.20029932824575D+01   0.22661535612550D+01
 
  440.0000000   0.18132384167679D+01   0.18735948301105D+01   0.19504715424419D+01   0.20473627108122D+01   0.21695295566423D+01   0.23246203825618D+01   0.25238829681809D+01   0.27884557136867D+01
 
  440.0000000   0.23178439524109D+01   0.23789253304442D+01   0.24566410709530D+01   0.25544436757703D+01   0.26775551933052D+01   0.28335647556579D+01   0.30336189321540D+01   0.32985741339904D+01
 
  440.0000000   0.23150436627836D+01   0.23766673315563D+01   0.24549889521964D+01   0.25534139112726D+01   0.26771070515898D+01   0.28335667819301D+01   0.30337851744173D+01   0.32982218296993D+01
 
  440.0000000   0.23090614755083D+01   0.23710694659656D+01   0.24498008520273D+01   0.25486231920297D+01   0.26726399990183D+01   0.28292472214789D+01   0.30292607724261D+01   0.32927085234994D+01
 
  440.0000000   0.23006119979879D+01   0.23628871023767D+01   0.24418828628174D+01   0.25409375189203D+01   0.26650899585553D+01   0.28216235240549D+01   0.30211588379569D+01   0.32832612760695D+01
 
  440.0000000   0.22901293100255D+01   0.23525802159433D+01   0.24317300933804D+01   0.25308906239805D+01   0.26550326202475D+01   0.28113185334397D+01   0.30101585100356D+01   0.32706283343844D+01
 
  440.0000000   0.22778609762815D+01   0.23404113353608D+01   0.24196256887616D+01   0.25187878353128D+01   0.26427968784945D+01   0.27986873043294D+01   0.29966462375662D+01   0.32552330543556D+01
 
  440.0000000   0.22639107826263D+01   0.23264903848086D+01   0.24056867785000D+01   0.25047559832906D+01   0.26285216625247D+01   0.27838822639630D+01   0.29807871564160D+01   0.32372474835335D+01
 
  440.0000000   0.22482104917101D+01   0.23107482221204D+01   0.23898478888292D+01   0.24887359485316D+01   0.26121542254780D+01   0.27668517469425D+01   0.29625157222935D+01   0.32165721509211D+01
 
  440.0000000   0.22303275337571D+01   0.22927388805514D+01   0.23716606234623D+01   0.24702763353474D+01   0.25932351880449D+01   0.27471179873589D+01   0.29413164487302D+01   0.31926460757826D+01
 
  440.0000000   0.22075306336036D+01   0.22698486396891D+01   0.23486181802182D+01   0.24470586050816D+01   0.25697146742296D+01   0.27229341239379D+01   0.29156785623836D+01   0.31639578646227D+01
 
  440.0000000   0.21876061331984D+01   0.22496968466831D+01   0.23280745731750D+01   0.24260897461026D+01   0.25480844644746D+01   0.26999348551285D+01   0.28897352500067D+01   0.31319555057804D+01
 
  440.0000000   0.21752599697957D+01   0.22368852053448D+01   0.23145295612161D+01   0.24116015988583D+01   0.25321247531673D+01   0.26813197401793D+01   0.28661226054356D+01   0.30988539545921D+01
 
  440.0000000   0.21592391647530D+01   0.22204906272434D+01   0.22974862901960D+01   0.23936534572073D+01   0.25127509155840D+01   0.26594869878765D+01   0.28399208942697D+01   0.30645365699688D+01
 
  440.0000000   0.21374474121904D+01   0.21981877009182D+01   0.22743292529542D+01   0.23693592148385D+01   0.24868471100424D+01   0.26311328074426D+01   0.28076578029723D+01   0.30254930716641D+01
 
  440.0000000   0.21127279464221D+01   0.21725759112521D+01   0.22473928309541D+01   0.23406927380273D+01   0.24558337702485D+01   0.25967651407565D+01   0.27682868836343D+01   0.29780259084897D+01
 
  440.0000000   0.20843381137113D+01   0.21430024175516D+01   0.22161308650470D+01   0.23072171455870D+01   0.24193666851084D+01   0.25560852934016D+01   0.27214598966216D+01   0.29214845548825D+01
 
  440.0000000   0.20518745327735D+01   0.21089663979187D+01   0.21798826502160D+01   0.22680694762381D+01   0.23763333844572D+01   0.25076735482369D+01   0.26653796449141D+01   0.28535770316038D+01
 
  440.0000000   0.20138531219169D+01   0.20688223140869D+01   0.21367813039588D+01   0.22210837379384D+01   0.23241832019100D+01   0.24485103057529D+01   0.25964895134037D+01   0.27701266303621D+01
 
  440.0000000   0.19676512760278D+01   0.20197020364854D+01   0.20836390564349D+01   0.21626214491907D+01   0.22586919358880D+01   0.23736803951921D+01   0.25091544994709D+01   0.26647802225555D+01
 
  440.0000000   0.19088577218914D+01   0.19568240735700D+01   0.20152158113358D+01   0.20868157028673D+01   0.21731878427345D+01   0.22755584438914D+01   0.23947283315310D+01   0.25279108240787D+01
 
  440.0000000   0.18299701742775D+01   0.18721130321611D+01   0.19227534311791D+01   0.19840362165723D+01   0.20569548200565D+01   0.21421271009534D+01   0.22397036011249D+01   0.23445700034868D+01
 
  440.0000000   0.17179866012067D+01   0.17516152286859D+01   0.17911701881471D+01   0.18378348483540D+01   0.18919060257483D+01   0.19533578475998D+01   0.20217783607166D+01   0.20903133567706D+01
 
  440.0000000   0.15778433772650D+01   0.16007374239231D+01   0.16265357536266D+01   0.16553759545893D+01   0.16867769441663D+01   0.17199752131627D+01   0.17538962327856D+01   0.17810113985681D+01
 
  440.0000000   0.14362627272168D+01   0.14513422070056D+01   0.14672173394257D+01   0.14834133150182D+01   0.14989073100700D+01   0.15123521939694D+01   0.15220503897665D+01   0.15208227790107D+01
 
  440.0000000   0.13421497495162D+01   0.13540961632751D+01   0.13660684030522D+01   0.13773963763115D+01   0.13868699611810D+01   0.13929226439553D+01   0.13935935392059D+01   0.13823172233471D+01
 
  440.0000000   0.12859179649200D+01   0.12958493626033D+01   0.13053880038751D+01   0.13137686760300D+01   0.13197223587606D+01   0.13216286569438D+01   0.13174776207433D+01   0.13011970751974D+01
 
  440.0000000   0.12228334464518D+01   0.12306020053677D+01   0.12375550010415D+01   0.12428733885672D+01   0.12452623106692D+01   0.12430848964542D+01   0.12343278220797D+01   0.12134577387627D+01
 
  440.0000000   0.11522894372165D+01   0.11576968519423D+01   0.11618532767017D+01   0.11639105720975D+01   0.11625780530388D+01   0.11562422928264D+01   0.11429409095965D+01   0.11177462903637D+01
 
  440.0000000   0.10708027638509D+01   0.10735092825991D+01   0.10744983837535D+01   0.10729210119009D+01   0.10675263371136D+01   0.10567715824740D+01   0.10388086868846D+01   0.10094242423138D+01
 
  440.0000000   0.10266635201658D+01   0.10279094151034D+01   0.10271942400451D+01   0.10236767912051D+01   0.10161361255103D+01   0.10030774759912D+01   0.98272638624000D+00   0.95126077947417D+00
