 #  SCIATRAN 2.2 (DOM, spherical mode)
 #  Height resolved air mass factors for no2
 #  Spectral range:  440.000 -  440.000
 #  The number of spectral points:    1
 #  The number of altitude levels:  44
    10.000     9.800     9.600     9.400     9.200     9.000     8.800     8.600     8.400     8.200     8.000     7.800     7.600     7.400     7.200     7.000     6.800     6.600     6.400     6.200     6.000     5.800     5.600     5.400     5.200     5.000     4.800     4.600     4.400     4.200     4.000     3.800     3.600     3.400     3.200     3.000     2.800     2.600     2.400     2.200     2.000     1.800     1.600     1.400
 
  440.0000000   0.11076879865634D+01   0.11592450171034D+01   0.12257390482359D+01   0.13104214236536D+01   0.14187946739618D+01   0.15594159442289D+01   0.17458709904844D+01   0.20004941733135D+01
 
  440.0000000   0.11130123519609D+01   0.11648349722343D+01   0.12316529596071D+01   0.13167191413478D+01   0.14255424045404D+01   0.15666897789660D+01   0.17537613975552D+01   0.20091031166803D+01
 
  440.0000000   0.11233498113381D+01   0.11756828093100D+01   0.12431229189998D+01   0.13289250790346D+01   0.14386096935744D+01   0.15807617918607D+01   0.17690075261388D+01   0.20257106572980D+01
 
  440.0000000   0.11331562190505D+01   0.11859635304495D+01   0.12539810175896D+01   0.13404641794201D+01   0.14509428050390D+01   0.15940167747307D+01   0.17833333961848D+01   0.20412651352865D+01
 
  440.0000000   0.11425953183690D+01   0.11958507740562D+01   0.12644131036141D+01   0.13515370977622D+01   0.14627602610873D+01   0.16066948761525D+01   0.17970056252221D+01   0.20560662074596D+01
 
  440.0000000   0.11517956843967D+01   0.12054808544167D+01   0.12745650395364D+01   0.13623012677152D+01   0.14742334488757D+01   0.16189843651852D+01   0.18102331402067D+01   0.20703485601187D+01
 
  440.0000000   0.11608578845055D+01   0.12149603819809D+01   0.12845508936995D+01   0.13728797958945D+01   0.14854963759950D+01   0.16310324441217D+01   0.18231793032768D+01   0.20842957151897D+01
 
  440.0000000   0.11698617471436D+01   0.12243739554418D+01   0.12944611518210D+01   0.13833702998437D+01   0.14966552585759D+01   0.16429557344474D+01   0.18359734789489D+01   0.20980529178086D+01
 
  440.0000000   0.11788725870098D+01   0.12337907434668D+01   0.13043697357079D+01   0.13938524524465D+01   0.15077966930323D+01   0.16548491962668D+01   0.18487208489615D+01   0.21117380349912D+01
 
  440.0000000   0.11879454995982D+01   0.12432690579772D+01   0.13143389238598D+01   0.14043933305428D+01   0.15189935310723D+01   0.16667926548458D+01   0.18615097576846D+01   0.21254499612256D+01
 
  440.0000000   0.11971281179512D+01   0.12528592915238D+01   0.13244225114596D+01   0.14150508461504D+01   0.15303086395882D+01   0.16788549592884D+01   0.18744163589419D+01   0.21392738759624D+01
 
  440.0000000   0.12064644134263D+01   0.12626079698719D+01   0.13346701778250D+01   0.14258785036260D+01   0.15418001398641D+01   0.16910998227912D+01   0.18875112186198D+01   0.21532888426453D+01
 
  440.0000000   0.12160001155833D+01   0.12725634709424D+01   0.13451335710454D+01   0.14369319220062D+01   0.15535284496607D+01   0.17035934813888D+01   0.19008677088132D+01   0.21675770812844D+01
 
  440.0000000   0.12257892228726D+01   0.12827828959836D+01   0.13558736207032D+01   0.14482766770170D+01   0.15655647551472D+01   0.17164139158749D+01   0.19145721288005D+01   0.21822351689266D+01
 
  440.0000000   0.12359014641493D+01   0.12933399935739D+01   0.13669690372231D+01   0.14599975057665D+01   0.15780010789922D+01   0.17296619844776D+01   0.19287361715519D+01   0.21973882114604D+01
 
  440.0000000   0.12464329436178D+01   0.13043364428025D+01   0.13785283850970D+01   0.14722113453679D+01   0.15909644895546D+01   0.17434770492300D+01   0.19435142747902D+01   0.22132093273580D+01
 
  440.0000000   0.12575246941312D+01   0.13159215128395D+01   0.13907111261490D+01   0.14850900888791D+01   0.16046419395577D+01   0.17580643091271D+01   0.19591339069023D+01   0.22299535214644D+01
 
  440.0000000   0.12693940924935D+01   0.13283252937972D+01   0.14037630279459D+01   0.14988987403829D+01   0.16193218307091D+01   0.17737405097709D+01   0.19759462221536D+01   0.22480143344080D+01
 
  440.0000000   0.12823877222334D+01   0.13419146834838D+01   0.14180760564539D+01   0.15140598848450D+01   0.16354639142415D+01   0.17910105211156D+01   0.19945112561326D+01   0.22680201181421D+01
 
  440.0000000   0.12975049600885D+01   0.13577540405227D+01   0.14347966192525D+01   0.15318210697087D+01   0.16544413425477D+01   0.18114063464871D+01   0.20165670898425D+01   0.22919789102503D+01
 
  440.0000000   0.18105225344144D+01   0.18715614490199D+01   0.19495609122573D+01   0.20477037203964D+01   0.21716114563548D+01   0.23300435103527D+01   0.25368586893550D+01   0.28140357039565D+01
 
  440.0000000   0.23148418130629D+01   0.23765334497046D+01   0.24553004222094D+01   0.25543046370450D+01   0.26791425406599D+01   0.28385264501259D+01   0.30462208841708D+01   0.33239256108647D+01
 
  440.0000000   0.23123135356927D+01   0.23744427245414D+01   0.24536969964515D+01   0.25532131296560D+01   0.26785386859273D+01   0.28382958208099D+01   0.30460802408244D+01   0.33231737552419D+01
 
  440.0000000   0.23068516078269D+01   0.23692480393286D+01   0.24487726469383D+01   0.25485411723135D+01   0.26740418306730D+01   0.28337856528502D+01   0.30411633461223D+01   0.33169774694409D+01
 
  440.0000000   0.22992156939831D+01   0.23617551645335D+01   0.24413917470382D+01   0.25412256027162D+01   0.26666765670596D+01   0.28261248871138D+01   0.30327210973060D+01   0.33067333685704D+01
 
  440.0000000   0.22898591498670D+01   0.23524438906279D+01   0.24320677651263D+01   0.25318236902638D+01   0.26570537530391D+01   0.28159849758687D+01   0.30214862261976D+01   0.32932358455813D+01
 
  440.0000000   0.22790416945227D+01   0.23415880157461D+01   0.24210931540531D+01   0.25206505033061D+01   0.26455142539299D+01   0.28037340804848D+01   0.30078524247441D+01   0.32768994046357D+01
 
  440.0000000   0.22669024620074D+01   0.23293322490528D+01   0.24086199257426D+01   0.25078651342847D+01   0.26322231846317D+01   0.27895414672234D+01   0.29919901510094D+01   0.32578868866315D+01
 
  440.0000000   0.22535019912729D+01   0.23157363379052D+01   0.23947060560578D+01   0.24935220838177D+01   0.26172285446060D+01   0.27734434394244D+01   0.29739152750993D+01   0.32361755228670D+01
 
  440.0000000   0.22388448288782D+01   0.23007983780881D+01   0.23793379187847D+01   0.24775940909380D+01   0.26004862097324D+01   0.27553720438757D+01   0.29535222157110D+01   0.32115943150957D+01
 
  440.0000000   0.22228908217525D+01   0.22844672317061D+01   0.23624474768677D+01   0.24599927204858D+01   0.25818813602171D+01   0.27351744730924D+01   0.29305987028295D+01   0.31838338828158D+01
 
  440.0000000   0.22055525567369D+01   0.22666422151051D+01   0.23439234526393D+01   0.24405833494921D+01   0.25612379226335D+01   0.27126117254927D+01   0.29048189889136D+01   0.31524475866288D+01
 
  440.0000000   0.21866811189092D+01   0.22471557417777D+01   0.23235831989375D+01   0.24191461036163D+01   0.25382711551572D+01   0.26873083201122D+01   0.28757005785050D+01   0.31168220609169D+01
 
  440.0000000   0.21660537438139D+01   0.22257535758995D+01   0.23011276866455D+01   0.23953172787294D+01   0.25125301108757D+01   0.26587033467681D+01   0.28425535125027D+01   0.30761011056206D+01
 
  440.0000000   0.21433416713588D+01   0.22020591811480D+01   0.22761017717028D+01   0.23685489196299D+01   0.24833580817627D+01   0.26260074195863D+01   0.28044178837094D+01   0.30290868936527D+01
 
  440.0000000   0.21180448247670D+01   0.21755065498363D+01   0.22478340894061D+01   0.23380462291899D+01   0.24498159674689D+01   0.25881047528603D+01   0.27599487058984D+01   0.29741212815221D+01
 
  440.0000000   0.20894055376259D+01   0.21452492014772D+01   0.22153467495697D+01   0.23026680358354D+01   0.24105627829513D+01   0.25434085943417D+01   0.27072545144768D+01   0.29089254095640D+01
 
  440.0000000   0.20562634457962D+01   0.21100059134280D+01   0.21771934838853D+01   0.22607475853948D+01   0.23636494254396D+01   0.24896241708338D+01   0.26436389312008D+01   0.28303400650065D+01
 
  440.0000000   0.20168304208260D+01   0.20678201372170D+01   0.21311988973680D+01   0.22097944938254D+01   0.23061705266475D+01   0.24233537419589D+01   0.25651949357185D+01   0.27339604371704D+01
 
  440.0000000   0.19683300022641D+01   0.20156752895314D+01   0.20740498122113D+01   0.21460819369059D+01   0.22338573913297D+01   0.23396733436276D+01   0.24662802401129D+01   0.26134313397671D+01
 
  440.0000000   0.19062895140877D+01   0.19487397669781D+01   0.20004869564976D+01   0.20637989601088D+01   0.21401957271685D+01   0.22311904099895D+01   0.23384287743920D+01   0.24591404229033D+01
 
  440.0000000   0.18227775240299D+01   0.18584852194873D+01   0.19012642129918D+01   0.19527842890683D+01   0.20138834936870D+01   0.20852253820968D+01   0.21673556744118D+01   0.22552079008072D+01
 
  440.0000000   0.16960272407809D+01   0.17215686655102D+01   0.17511047571509D+01   0.17853631260752D+01   0.18243183589214D+01   0.18676588089997D+01   0.19147748791884D+01   0.19590355473332D+01
 
  440.0000000   0.16176887801606D+01   0.16369920074046D+01   0.16584696252082D+01   0.16822776709671D+01   0.17079000946339D+01   0.17344895564545D+01   0.17608224325870D+01   0.17797544757243D+01
