 #  SCIATRAN 2.2 (DOM, spherical mode)
 #  Height resolved air mass factors for no2
 #  Spectral range:  440.000 -  440.000
 #  The number of spectral points:    1
 #  The number of altitude levels:  51
    10.000     9.800     9.600     9.400     9.200     9.000     8.800     8.600     8.400     8.200     8.000     7.800     7.600     7.400     7.200     7.000     6.800     6.600     6.400     6.200     6.000     5.800     5.600     5.400     5.200     5.000     4.800     4.600     4.400     4.200     4.000     3.800     3.600     3.400     3.200     3.000     2.800     2.600     2.400     2.200     2.000     1.800     1.600     1.400     1.200     1.000     0.800     0.600     0.400     0.200     0.000
 
  440.0000000   0.10410599338869D+01   0.10886183493287D+01   0.11498839382300D+01   0.12291601271536D+01   0.13314171010935D+01   0.14631554453660D+01   0.16330254315498D+01   0.18613456872014D+01
 
  440.0000000   0.10464509533073D+01   0.10942549694362D+01   0.11558107618488D+01   0.12354191370888D+01   0.13380484530860D+01   0.14701966255309D+01   0.16405093052938D+01   0.18693129585878D+01
 
  440.0000000   0.10569413714605D+01   0.11052189745922D+01   0.11673338994237D+01   0.12475810995522D+01   0.13509247720117D+01   0.14838568898447D+01   0.16550130576569D+01   0.18847316534794D+01
 
  440.0000000   0.10669390386015D+01   0.11156599448145D+01   0.11782973844636D+01   0.12591392995438D+01   0.13631447896078D+01   0.14967987786572D+01   0.16687253544215D+01   0.18992679711918D+01
 
  440.0000000   0.10766063351858D+01   0.11257491079380D+01   0.11888830304895D+01   0.12702880322889D+01   0.13749173206133D+01   0.15092478376726D+01   0.16818909180014D+01   0.19131894786929D+01
 
  440.0000000   0.10860716489928D+01   0.11356218091151D+01   0.11992344773030D+01   0.12811807274290D+01   0.13864071934374D+01   0.15213820323042D+01   0.16947027581486D+01   0.19267070612761D+01
 
  440.0000000   0.10954363698930D+01   0.11453849312304D+01   0.12094651852496D+01   0.12919385776009D+01   0.13977445709134D+01   0.15333418453920D+01   0.17073131875123D+01   0.19399870980684D+01
 
  440.0000000   0.11047821805245D+01   0.11551245652952D+01   0.12196665489758D+01   0.13026591784436D+01   0.14090342042838D+01   0.15452402331282D+01   0.17198445632760D+01   0.19531631092996D+01
 
  440.0000000   0.11141774344216D+01   0.11649127041899D+01   0.12299149261098D+01   0.13134239810548D+01   0.14203634089770D+01   0.15571712159057D+01   0.17323985600213D+01   0.19663457932206D+01
 
  440.0000000   0.11236816327204D+01   0.11748119808561D+01   0.12402766971806D+01   0.13243037323076D+01   0.14318079508297D+01   0.15692162881487D+01   0.17450632005869D+01   0.19796308313746D+01
 
  440.0000000   0.11333485000544D+01   0.11848789238053D+01   0.12508117433590D+01   0.13353622077075D+01   0.14434360678129D+01   0.15814487675307D+01   0.17579175803635D+01   0.19931040616254D+01
 
  440.0000000   0.11432303764440D+01   0.11951686046166D+01   0.12615784042825D+01   0.13466615396590D+01   0.14553142371214D+01   0.15939400816385D+01   0.17710387733963D+01   0.20068491573271D+01
 
  440.0000000   0.11533847690046D+01   0.12057415156904D+01   0.12726407421560D+01   0.13582699250095D+01   0.14675153829123D+01   0.16067685330263D+01   0.17845112124324D+01   0.20209576957213D+01
 
  440.0000000   0.11638827277202D+01   0.12166723634845D+01   0.12840778301430D+01   0.13702714810159D+01   0.14801293721863D+01   0.16200305092572D+01   0.17984386908868D+01   0.20355420496103D+01
 
  440.0000000   0.11748192447757D+01   0.12280610283386D+01   0.12959953858837D+01   0.13827786654871D+01   0.14932763444990D+01   0.16338548633591D+01   0.18129599654031D+01   0.20507524562952D+01
 
  440.0000000   0.11863287795294D+01   0.12400489019118D+01   0.13085430788951D+01   0.13959507040023D+01   0.15071264160086D+01   0.16484240681218D+01   0.18282715623630D+01   0.20668017483360D+01
 
  440.0000000   0.11986120752126D+01   0.12528471012127D+01   0.13219444146382D+01   0.14100254039278D+01   0.15219336975167D+01   0.16640107437217D+01   0.18446671751958D+01   0.20840081083005D+01
 
  440.0000000   0.12119816644154D+01   0.12667843170099D+01   0.13365473783751D+01   0.14253730187687D+01   0.15380938217826D+01   0.16810393344537D+01   0.18626040552255D+01   0.21028669228037D+01
 
  440.0000000   0.12269391309983D+01   0.12823880492505D+01   0.13529104110338D+01   0.14425876798567D+01   0.15562415766866D+01   0.17001907679174D+01   0.18828156629205D+01   0.21241726995749D+01
 
  440.0000000   0.12443075563630D+01   0.13005238722049D+01   0.13719498120742D+01   0.14626441637549D+01   0.15774183194061D+01   0.17225819422238D+01   0.19065049134061D+01   0.21492282920947D+01
 
  440.0000000   0.17585957788731D+01   0.18156618191226D+01   0.18880763807631D+01   0.19798591876229D+01   0.20957958858188D+01   0.22421661664775D+01   0.24272974474217D+01   0.26711194629496D+01
 
  440.0000000   0.22617928408607D+01   0.23196271461153D+01   0.23929068636964D+01   0.24855836765592D+01   0.26023852237276D+01   0.27495150079091D+01   0.29351863180963D+01   0.31790082689825D+01
 
  440.0000000   0.22564458196959D+01   0.23148644243418D+01   0.23887761065356D+01   0.24820520647737D+01   0.25993443819390D+01   0.27467538065389D+01   0.29323376695238D+01   0.31752643200337D+01
 
  440.0000000   0.22475383572168D+01   0.23063769139793D+01   0.23807237907854D+01   0.24743723057326D+01   0.25918972212594D+01   0.27392921432556D+01   0.29244507626106D+01   0.31660808316520D+01
 
  440.0000000   0.22357500123982D+01   0.22948820571400D+01   0.23695130135295D+01   0.24633614000055D+01   0.25809236616587D+01   0.27280829733206D+01   0.29125633083766D+01   0.31525971459319D+01
 
  440.0000000   0.22214500958021D+01   0.22807711674676D+01   0.23555616939589D+01   0.24494696521288D+01   0.25669129329832D+01   0.27136617567775D+01   0.28972651852561D+01   0.31354696188481D+01
 
  440.0000000   0.22047689018569D+01   0.22641849402605D+01   0.23390233794427D+01   0.24328679422418D+01   0.25500586285259D+01   0.26962507706080D+01   0.28788136696745D+01   0.31150002923152D+01
 
  440.0000000   0.21856113472059D+01   0.22450287034655D+01   0.23198044196967D+01   0.24134680611937D+01   0.25302836425034D+01   0.26757900010818D+01   0.28571712319690D+01   0.30911830829791D+01
 
  440.0000000   0.21636037826191D+01   0.22229181105729D+01   0.22975089388436D+01   0.23908700571866D+01   0.25071924861080D+01   0.26518945671643D+01   0.28319632998336D+01   0.30636572845853D+01
 
  440.0000000   0.21379325458257D+01   0.21970167264188D+01   0.22712890950039D+01   0.23642211281984D+01   0.24799314705969D+01   0.26237088441062D+01   0.28023209913164D+01   0.30315452073872D+01
 
  440.0000000   0.20984173778797D+01   0.21572119308715D+01   0.22311031543702D+01   0.23235360713465D+01   0.24385518790519D+01   0.25812965077746D+01   0.27582890906297D+01   0.29846738773879D+01
 
  440.0000000   0.20618190087963D+01   0.21202552421274D+01   0.21936115734305D+01   0.22853237274022D+01   0.23993101011454D+01   0.25404818264996D+01   0.27149485839948D+01   0.29367390640995D+01
 
  440.0000000   0.20448745826236D+01   0.21030372254208D+01   0.21758624249151D+01   0.22667995021861D+01   0.23795774069025D+01   0.25187479163168D+01   0.26898123895975D+01   0.29052918038457D+01
 
  440.0000000   0.20209302230785D+01   0.20791169566066D+01   0.21517625632966D+01   0.22422755313113D+01   0.23542066793542D+01   0.24918080239967D+01   0.26601045148112D+01   0.28703183318169D+01
 
  440.0000000   0.19906850723760D+01   0.20488108533453D+01   0.21212367440205D+01   0.22112499864501D+01   0.23222803119879D+01   0.24584284177100D+01   0.26245149685346D+01   0.28309594355330D+01
 
  440.0000000   0.19633995609354D+01   0.20211604361498D+01   0.20930473221639D+01   0.21822259520978D+01   0.22920276539338D+01   0.24264396279072D+01   0.25901362449662D+01   0.27929540115232D+01
 
  440.0000000   0.19309038186139D+01   0.19881372908347D+01   0.20593081416760D+01   0.21475126771369D+01   0.22559891634089D+01   0.23885913348584D+01   0.25497961618338D+01   0.27488665604619D+01
 
  440.0000000   0.18932980445884D+01   0.19498482631664D+01   0.20201278447792D+01   0.21072089501882D+01   0.22142401469570D+01   0.23449225192371D+01   0.25034888271731D+01   0.26986151562467D+01
 
  440.0000000   0.18499300524268D+01   0.19056185164015D+01   0.19748011590634D+01   0.20605606820828D+01   0.21659509203964D+01   0.22944907471779D+01   0.24501079145410D+01   0.26408203232952D+01
 
  440.0000000   0.17997543700842D+01   0.18543324122483D+01   0.19221050994955D+01   0.20062063853044D+01   0.21095693778041D+01   0.22354615268118D+01   0.23873810270969D+01   0.25724584575330D+01
 
  440.0000000   0.17413610535412D+01   0.17943762741325D+01   0.18601179956410D+01   0.19418353976430D+01   0.20422555185123D+01   0.21642102605191D+01   0.23104583728132D+01   0.24866218028160D+01
 
  440.0000000   0.16685811649800D+01   0.17187424682207D+01   0.17806780746608D+01   0.18576981801509D+01   0.19520852218401D+01   0.20658483713387D+01   0.22004287955333D+01   0.23584918989003D+01
 
  440.0000000   0.15384790210323D+01   0.15803023114261D+01   0.16312224473541D+01   0.16938215535191D+01   0.17694064928184D+01   0.18587018309719D+01   0.19614724311196D+01   0.20754107099754D+01
 
  440.0000000   0.12968086743043D+01   0.13205764537730D+01   0.13482854352322D+01   0.13807527125345D+01   0.14178841571466D+01   0.14590618389744D+01   0.15029108746026D+01   0.15434345965791D+01
 
  440.0000000   0.96003848721099D+00   0.96946496525943D+00   0.97909458426787D+00   0.98856246568955D+00   0.99692134469804D+00   0.10028323521907D+01   0.10044994999719D+01   0.99627699746809D+00
 
  440.0000000   0.75091204044113D+00   0.75694564327546D+00   0.76245975339472D+00   0.76694299499567D+00   0.76932483712533D+00   0.76814177588462D+00   0.76148481049862D+00   0.74502838790191D+00
 
  440.0000000   0.69639978542955D+00   0.70099414971132D+00   0.70483380791705D+00   0.70739301445431D+00   0.70761511379783D+00   0.70406828048313D+00   0.69490048110688D+00   0.67635182517387D+00
 
  440.0000000   0.63428993997282D+00   0.63732354125327D+00   0.63937580396884D+00   0.63993541847430D+00   0.63800195788696D+00   0.63223483854336D+00   0.62092181302367D+00   0.60090461076486D+00
 
  440.0000000   0.56431734791106D+00   0.56563608642302D+00   0.56575240522779D+00   0.56418288959943D+00   0.56002265047565D+00   0.55208334719387D+00   0.53888127506294D+00   0.51791657787514D+00
 
  440.0000000   0.48317073755380D+00   0.48251367788170D+00   0.48043285504602D+00   0.47648883287109D+00   0.46992041690567D+00   0.45976513534078D+00   0.44487342847860D+00   0.42350029876579D+00
 
  440.0000000   0.43915883565230D+00   0.43742922943561D+00   0.43416434225195D+00   0.42895192631249D+00   0.42111652065915D+00   0.40982932953925D+00   0.39413714221717D+00   0.37270323530960D+00
