60.60 9.0000e-06
58.60 9.0000e-06
56.50 1.5000e-05
54.40 2.8000e-05
52.20 5.2000e-05
50.00 1.0340e-05
47.70 2.1150e-04
45.50 4.4240e-04
43.30 9.1800e-04
41.10 1.7930e-03
39.00 3.1200e-03
36.90 4.5620e-03
34.80 5.5540e-03
32.80 5.7670e-03
30.90 5.1500e-03
29.00 4.0140e-03
27.10 2.7200e-03
25.20 1.7090e-03
23.40 1.0170e-03
21.50 5.5400e-04
19.70 1.9260e-04
17.90 5.2600e-05
16.10 2.7100e-05
14.40 1.8000e-05
12.50 1.2190e-05
10.70 1.0000e-10
10.0 1.57935e-11
9.9 1.69628e-11
9.8 1.82188e-11
9.7 1.95677e-11
9.6 2.10166e-11
9.5 2.25727e-11
9.4 2.42440e-11
9.3 2.60390e-11
9.2 2.79670e-11
9.1 3.00377e-11
9.0 3.22617e-11
8.9 3.46505e-11
8.8 3.72160e-11
8.7 3.99716e-11
8.6 4.29311e-11
8.5 4.61098e-11
8.4 4.95238e-11
8.3 5.31906e-11
8.2 5.71289e-11
8.1 6.13589e-11
8.0 6.59019e-11
7.9 7.07814e-11
7.8 7.60222e-11
7.7 8.16510e-11
7.6 8.76965e-11
7.5 9.41897e-11
7.4 1.01164e-10
7.3 1.08654e-10
7.2 1.16699e-10
7.1 1.25339e-10
7.0 1.34620e-10
6.9 1.44587e-10
6.8 1.55293e-10
6.7 1.66791e-10
6.6 1.79140e-10
6.5 1.92404e-10
6.4 2.06650e-10
6.3 2.21950e-10
6.2 2.38384e-10
6.1 2.56034e-10
6.0 2.74991e-10
5.9 2.95352e-10
5.8 3.17220e-10
5.7 3.40708e-10
5.6 3.65934e-10
5.5 3.93029e-10
5.4 4.22129e-10
5.3 4.53384e-10
5.2 4.86953e-10
5.1 5.23008e-10
5.0 5.61732e-10
4.9 6.03324e-10
4.8 6.47995e-10
4.7 6.95973e-10
4.6 7.47504e-10
4.5 8.02850e-10
4.4 8.62294e-10
4.3 9.26140e-10
4.2 9.94712e-10
4.1 1.06836e-09
4.0 1.14747e-09
3.9 1.23243e-09
3.8 1.32368e-09
3.7 1.42168e-09
3.6 1.52695e-09
3.5 1.64000e-09
3.4 1.76143e-09
3.3 1.89185e-09
3.2 2.03193e-09
3.1 2.18237e-09
3.0 2.34396e-09
2.9 2.51751e-09
2.8 2.70391e-09
2.7 2.90411e-09
2.6 3.11913e-09
2.5 3.35008e-09
2.4 3.59812e-09
2.3 3.86453e-09
2.2 4.15067e-09
2.1 4.45799e-09
2.0 4.78807e-09
1.9 5.14258e-09
1.8 5.52335e-09
1.7 5.93230e-09
1.6 6.37154e-09
1.5 6.84330e-09
1.4 7.34999e-09
