60.60 9.0000e-06
58.60 9.0000e-06
56.50 1.5000e-05
54.40 2.8000e-05
52.20 5.2000e-05
50.00 1.0340e-05
47.70 2.1150e-04
45.50 4.4240e-04
43.30 9.1800e-04
41.10 1.7930e-03
39.00 3.1200e-03
36.90 4.5620e-03
34.80 5.5540e-03
32.80 5.7670e-03
30.90 5.1500e-03
29.00 4.0140e-03
27.10 2.7200e-03
25.20 1.7090e-03
23.40 1.0170e-03
21.50 5.5400e-04
19.70 1.9260e-04
17.90 5.2600e-05
16.10 2.7100e-05
14.40 1.8000e-05
12.50 1.2190e-05
10.70 1.0000e-10
10.0 9.71002e-27
9.9 1.60091e-26
9.8 2.63946e-26
9.7 4.35173e-26
9.6 7.17479e-26
9.5 1.18292e-25
9.4 1.95031e-25
9.3 3.21552e-25
9.2 5.30149e-25
9.1 8.74068e-25
9.0 1.44110e-24
8.9 2.37596e-24
8.8 3.91730e-24
8.7 6.45854e-24
8.6 1.06483e-23
8.5 1.75561e-23
8.4 2.89452e-23
8.3 4.77225e-23
8.2 7.86811e-23
8.1 1.29723e-22
8.0 2.13877e-22
7.9 3.52624e-22
7.8 5.81379e-22
7.7 9.58532e-22
7.6 1.58035e-21
7.5 2.60556e-21
7.4 4.29584e-21
7.3 7.08265e-21
7.2 1.16773e-20
7.1 1.92526e-20
7.0 3.17422e-20
6.9 5.23341e-20
6.8 8.62843e-20
6.7 1.42259e-19
6.6 2.34545e-19
6.5 3.86700e-19
6.4 6.37560e-19
6.3 1.05116e-18
6.2 1.73307e-18
6.1 2.85734e-18
6.0 4.71097e-18
5.9 7.76707e-18
5.8 1.28057e-17
5.7 2.11131e-17
5.6 3.48096e-17
5.5 5.73913e-17
5.4 9.46223e-17
5.3 1.56006e-16
5.2 2.57210e-16
5.1 4.24068e-16
5.0 6.99169e-16
4.9 1.15274e-15
4.8 1.90054e-15
4.7 3.13346e-15
4.6 5.16620e-15
4.5 8.51763e-15
4.4 1.40432e-14
4.3 2.31533e-14
4.2 3.81733e-14
4.1 6.29372e-14
4.0 1.03766e-13
3.9 1.71081e-13
3.8 2.82065e-13
3.7 4.65047e-13
3.6 7.66732e-13
3.5 1.26413e-12
3.4 2.08419e-12
3.3 3.43626e-12
3.2 5.66543e-12
3.1 9.34071e-12
3.0 1.54002e-11
2.9 2.53907e-11
2.8 4.18622e-11
2.7 6.90190e-11
2.6 1.13793e-10
2.5 1.87613e-10
2.4 3.09322e-10
2.3 5.09985e-10
2.2 8.40824e-10
2.1 1.38628e-09
2.0 2.28560e-09
1.9 3.76831e-09
1.8 6.21290e-09
1.7 1.02433e-08
1.6 1.68884e-08
1.5 2.78443e-08
1.4 4.59074e-08
