 #  SCIATRAN 2.2 (DOM, spherical mode)
 #  Height resolved air mass factors for no2
 #  Spectral range:  440.000 -  440.000
 #  The number of spectral points:    1
 #  The number of altitude levels:  44
    10.000     9.800     9.600     9.400     9.200     9.000     8.800     8.600     8.400     8.200     8.000     7.800     7.600     7.400     7.200     7.000     6.800     6.600     6.400     6.200     6.000     5.800     5.600     5.400     5.200     5.000     4.800     4.600     4.400     4.200     4.000     3.800     3.600     3.400     3.200     3.000     2.800     2.600     2.400     2.200     2.000     1.800     1.600     1.400
 
  440.0000000   0.11082661070220D+01   0.11599750750777D+01   0.12266248547536D+01   0.13118751148241D+01   0.14211424814015D+01   0.15624027179586D+01   0.17476897214816D+01   0.19997123071040D+01
 
  440.0000000   0.11145515092654D+01   0.11665490640547D+01   0.12335381627947D+01   0.13191711422266D+01   0.14288604941407D+01   0.15705783899836D+01   0.17563556169739D+01   0.20088976749518D+01
 
  440.0000000   0.11267850054905D+01   0.11793392043321D+01   0.12469822335034D+01   0.13333513649698D+01   0.14438503786263D+01   0.15864436067499D+01   0.17731545381012D+01   0.20266787548351D+01
 
  440.0000000   0.11384494565217D+01   0.11915250575436D+01   0.12597795497213D+01   0.13468343439649D+01   0.14580836729636D+01   0.16014828223485D+01   0.17890460212665D+01   0.20434528921967D+01
 
  440.0000000   0.11497343638361D+01   0.12033065481110D+01   0.12721424840842D+01   0.13598469280093D+01   0.14718038198390D+01   0.16159583749933D+01   0.18043139559108D+01   0.20595291210142D+01
 
  440.0000000   0.11607897041389D+01   0.12148418708879D+01   0.12842390438325D+01   0.13725685213295D+01   0.14852032717937D+01   0.16300775605316D+01   0.18191825567311D+01   0.20751513579519D+01
 
  440.0000000   0.11717341452426D+01   0.12262561870125D+01   0.12962021449370D+01   0.13851410423708D+01   0.14984342508207D+01   0.16440043239132D+01   0.18338291433487D+01   0.20905124986049D+01
 
  440.0000000   0.11826635322268D+01   0.12376505596539D+01   0.13081390812449D+01   0.13976790091192D+01   0.15116195329110D+01   0.16578708276137D+01   0.18483965818014D+01   0.21057678463599D+01
 
  440.0000000   0.11936582904578D+01   0.12491097432630D+01   0.13201397711579D+01   0.14102783119857D+01   0.15248618150883D+01   0.16717874810202D+01   0.18630040467567D+01   0.21210466936940D+01
 
  440.0000000   0.12047886797085D+01   0.12607077465538D+01   0.13322826938982D+01   0.14230225922545D+01   0.15382506125281D+01   0.16858504451487D+01   0.18777552440925D+01   0.21364614222829D+01
 
  440.0000000   0.12161183958330D+01   0.12725116449823D+01   0.13446389536761D+01   0.14359875999548D+01   0.15518669542109D+01   0.17001467137652D+01   0.18927439318576D+01   0.21521135373972D+01
 
  440.0000000   0.12277097416852D+01   0.12845870584676D+01   0.13572781292212D+01   0.14492474844194D+01   0.15657901923144D+01   0.17147615338206D+01   0.19080620685286D+01   0.21681027116401D+01
 
  440.0000000   0.12396313189505D+01   0.12970062347033D+01   0.13702768201219D+01   0.14628838689479D+01   0.15801076690173D+01   0.17297887291413D+01   0.19238108627284D+01   0.21845386364990D+01
 
  440.0000000   0.12519678785681D+01   0.13098584039023D+01   0.13837295992806D+01   0.14769974858317D+01   0.15949271180405D+01   0.17453439557746D+01   0.19401149790579D+01   0.22015562859137D+01
 
  440.0000000   0.12648325872757D+01   0.13232627274405D+01   0.13977627818384D+01   0.14917229017204D+01   0.16103924940128D+01   0.17615818061514D+01   0.19571411302063D+01   0.22193362783014D+01
 
  440.0000000   0.12783852873518D+01   0.13373875467707D+01   0.14125548564590D+01   0.15072503146989D+01   0.16267073273410D+01   0.17787209360507D+01   0.19751252338862D+01   0.22381343835612D+01
 
  440.0000000   0.12928639949528D+01   0.13524835814599D+01   0.14283717177415D+01   0.15238631406944D+01   0.16441750005964D+01   0.17970874072997D+01   0.19944192761026D+01   0.22583324752645D+01
 
  440.0000000   0.13086382185578D+01   0.13689400940850D+01   0.14456262334966D+01   0.15420015123913D+01   0.16632667276375D+01   0.18171877486705D+01   0.20155701617242D+01   0.22805240343766D+01
 
  440.0000000   0.13262992862357D+01   0.13873800126316D+01   0.14649790280118D+01   0.15623697348989D+01   0.16847367200767D+01   0.18398328673953D+01   0.20394533963530D+01   0.23056588434597D+01
 
  440.0000000   0.13473758390278D+01   0.14094242692397D+01   0.14881639475283D+01   0.15868360720621D+01   0.17106128600193D+01   0.18672415942411D+01   0.20685197516418D+01   0.23364730313022D+01
 
  440.0000000   0.18630295095476D+01   0.19261906433510D+01   0.20062337415794D+01   0.21063566151678D+01   0.22317030297791D+01   0.23899869424497D+01   0.25929585827889D+01   0.28624917115578D+01
 
  440.0000000   0.23604487268780D+01   0.24245949096517D+01   0.25057614730719D+01   0.26070866426786D+01   0.27336461647860D+01   0.28930499876098D+01   0.30968773062583D+01   0.33665831535499D+01
 
  440.0000000   0.23442267576373D+01   0.24090581322348D+01   0.24909698111071D+01   0.25930434237509D+01   0.27202634229326D+01   0.28800894184169D+01   0.30838477253390D+01   0.33524063107307D+01
 
  440.0000000   0.23225574944318D+01   0.23878033466233D+01   0.24701275202132D+01   0.25725687500452D+01   0.27000134831882D+01   0.28597523225035D+01   0.30628244714973D+01   0.33294524289799D+01
 
  440.0000000   0.22966980465785D+01   0.23621594300935D+01   0.24446519737041D+01   0.25471825611772D+01   0.26745331160637D+01   0.28338078171754D+01   0.30357270896535D+01   0.32998157613467D+01
 
  440.0000000   0.22673762822970D+01   0.23328948764419D+01   0.24153612733576D+01   0.25177631468967D+01   0.26447701624980D+01   0.28032793241361D+01   0.30036546705160D+01   0.32646712026475D+01
 
  440.0000000   0.22349846838953D+01   0.23004231104469D+01   0.23826949318539D+01   0.24847819309560D+01   0.26112317774749D+01   0.27687091858024D+01   0.29671767734861D+01   0.32246044659568D+01
 
  440.0000000   0.21997033386408D+01   0.22649324022234D+01   0.23468520721364D+01   0.24484477602034D+01   0.25741339421904D+01   0.27303168348411D+01   0.29265116001112D+01   0.31798228099178D+01
 
  440.0000000   0.21615718772625D+01   0.22264611381505D+01   0.23078694045098D+01   0.24087916395351D+01   0.25334963923878D+01   0.26881040690856D+01   0.28816354689161D+01   0.31302618109876D+01
 
  440.0000000   0.21205249502828D+01   0.21849348978947D+01   0.22656589587700D+01   0.23657074131673D+01   0.24891884231504D+01   0.26419065519959D+01   0.28323374211321D+01   0.30756399898627D+01
 
  440.0000000   0.20764193116193D+01   0.21401935128868D+01   0.22200333076756D+01   0.23189765657786D+01   0.24409549109299D+01   0.25914218634663D+01   0.27782482749691D+01   0.30154869267222D+01
 
  440.0000000   0.20290368718346D+01   0.20919968937334D+01   0.21707245167462D+01   0.22682927621422D+01   0.23884370157747D+01   0.25362205306104D+01   0.27188448721267D+01   0.29491511788635D+01
 
  440.0000000   0.19780456595669D+01   0.20399871194013D+01   0.21173548474978D+01   0.22132321708792D+01   0.23311327977939D+01   0.24756939432610D+01   0.26533956020486D+01   0.28757602141134D+01
 
  440.0000000   0.19229794318264D+01   0.19836591186805D+01   0.20593764552091D+01   0.21531735236842D+01   0.22683136336046D+01   0.24089789482968D+01   0.25808933059499D+01   0.27941490061184D+01
 
  440.0000000   0.18632067368915D+01   0.19223212758374D+01   0.19960074460208D+01   0.20872237194420D+01   0.21989544603218D+01   0.23348972499076D+01   0.24999860208753D+01   0.27027554271381D+01
 
  440.0000000   0.17978444555711D+01   0.18550072177493D+01   0.19261528231851D+01   0.20141410154703D+01   0.21216492131326D+01   0.22518541673474D+01   0.24088545284132D+01   0.25994821397610D+01
 
  440.0000000   0.17256456584871D+01   0.17803605911027D+01   0.18482985384579D+01   0.19322234326148D+01   0.20344777300996D+01   0.21576777901889D+01   0.23050379393730D+01   0.24815366780852D+01
 
  440.0000000   0.16448089642522D+01   0.16964356418589D+01   0.17603077698758D+01   0.18390899435352D+01   0.19347617506538D+01   0.20493475791330D+01   0.21851484314074D+01   0.23451581882215D+01
 
  440.0000000   0.15526995789975D+01   0.16004028982090D+01   0.16591096374331D+01   0.17313410361713D+01   0.18186895391533D+01   0.19225863164952D+01   0.20444540347672D+01   0.21852283186459D+01
 
  440.0000000   0.14454069892948D+01   0.14880826264532D+01   0.15402087876443D+01   0.16040631083142D+01   0.16808257653429D+01   0.17713607635528D+01   0.18763082260748D+01   0.19945859651473D+01
 
  440.0000000   0.13168784058184D+01   0.13530300492748D+01   0.13967154151648D+01   0.14498142382837D+01   0.15130598460724D+01   0.15867819548878D+01   0.16709576151607D+01   0.17627251332014D+01
 
  440.0000000   0.11567505770617D+01   0.11842411032544D+01   0.12168918873194D+01   0.12559731226812D+01   0.13017332925668D+01   0.13540188448005D+01   0.14123033283472D+01   0.14725190917228D+01
 
  440.0000000   0.93708656096020D+00   0.95206136689613D+00   0.96905205855397D+00   0.98847492126399D+00   0.10100471171364D+01   0.10331797298875D+01   0.10569973266307D+01   0.10775094307738D+01
 
  440.0000000   0.80705059924892D+00   0.81447596727162D+00   0.82208928200202D+00   0.82981807773629D+00   0.83709965311262D+00   0.84313456284451D+00   0.84690243715227D+00   0.84489677310434D+00
