 #  SCIATRAN 2.2 (DOM, spherical mode)
 #  Height resolved air mass factors for no2
 #  Spectral range:  440.000 -  440.000
 #  The number of spectral points:    1
 #  The number of altitude levels:  44
    10.000     9.800     9.600     9.400     9.200     9.000     8.800     8.600     8.400     8.200     8.000     7.800     7.600     7.400     7.200     7.000     6.800     6.600     6.400     6.200     6.000     5.800     5.600     5.400     5.200     5.000     4.800     4.600     4.400     4.200     4.000     3.800     3.600     3.400     3.200     3.000     2.800     2.600     2.400     2.200     2.000     1.800     1.600     1.400
 
  440.0000000   0.11080721306326D+01   0.11597739941898D+01   0.12263983641982D+01   0.13116457913596D+01   0.14209076886856D+01   0.15620586782877D+01   0.17468805469358D+01   0.19981279231107D+01
 
  440.0000000   0.11147024601178D+01   0.11666965336348D+01   0.12336630586681D+01   0.13192935155397D+01   0.14289741143982D+01   0.15705750452109D+01   0.17558744087022D+01   0.20076237241498D+01
 
  440.0000000   0.11276171334652D+01   0.11801752888322D+01   0.12478017425101D+01   0.13341695300299D+01   0.14446540929581D+01   0.15871161876545D+01   0.17733255626827D+01   0.20260242633084D+01
 
  440.0000000   0.11399500499998D+01   0.11930374495672D+01   0.12612820133036D+01   0.13483376963597D+01   0.14595684749997D+01   0.16028246160063D+01   0.17898657333183D+01   0.20434184093549D+01
 
  440.0000000   0.11518991736667D+01   0.12054914469836D+01   0.12743247503635D+01   0.13620332668841D+01   0.14739688606455D+01   0.16179704006463D+01   0.18057859035515D+01   0.20601214195725D+01
 
  440.0000000   0.11636214406166D+01   0.12177024818758D+01   0.12871049803936D+01   0.13754425987239D+01   0.14880544769801D+01   0.16327672933420D+01   0.18213162583369D+01   0.20763825127878D+01
 
  440.0000000   0.11752412990386D+01   0.12298015448906D+01   0.12997614740152D+01   0.13887134278675D+01   0.15019832389313D+01   0.16473846975055D+01   0.18366392107725D+01   0.20923991687029D+01
 
  440.0000000   0.11868595962415D+01   0.12418947557387D+01   0.13124066190855D+01   0.14019653548034D+01   0.15158829239190D+01   0.16619596086347D+01   0.18519021883703D+01   0.21083308647108D+01
 
  440.0000000   0.11985613601585D+01   0.12540715342865D+01   0.13251350511617D+01   0.14152989991881D+01   0.15298609131748D+01   0.16766070037564D+01   0.18672287334476D+01   0.21243109653963D+01
 
  440.0000000   0.12104213151061D+01   0.12664104277565D+01   0.13380298554488D+01   0.14288026422827D+01   0.15440113466555D+01   0.16914275920105D+01   0.18827269526833D+01   0.21404560223887D+01
 
  440.0000000   0.12225077007146D+01   0.12789831434482D+01   0.13511668535129D+01   0.14425568071795D+01   0.15584200373242D+01   0.17065131063152D+01   0.18984952355647D+01   0.21568719872391D+01
 
  440.0000000   0.12348877783152D+01   0.12918603676062D+01   0.13646207989506D+01   0.14566408972375D+01   0.15731716253242D+01   0.17219540592669D+01   0.19146307212369D+01   0.21736635471702D+01
 
  440.0000000   0.12476361299381D+01   0.13051204679026D+01   0.13784745546609D+01   0.14711429092415D+01   0.15883598845322D+01   0.17378507000194D+01   0.19312409661488D+01   0.21909465684648D+01
 
  440.0000000   0.12608453717241D+01   0.13188607299749D+01   0.13928309460109D+01   0.14861719824795D+01   0.16041010429681D+01   0.17543271827563D+01   0.19484590455973D+01   0.22088642230603D+01
 
  440.0000000   0.12746395780340D+01   0.13332114908469D+01   0.14078277420993D+01   0.15018743560207D+01   0.16205508513325D+01   0.17715499018841D+01   0.19664633512948D+01   0.22276085060775D+01
 
  440.0000000   0.12891944112595D+01   0.13483572965223D+01   0.14236600136953D+01   0.15184571104727D+01   0.16379298987212D+01   0.17897545855289D+01   0.19855066961097D+01   0.22474516307661D+01
 
  440.0000000   0.13047719148757D+01   0.13645734324779D+01   0.14406186011546D+01   0.15362289502817D+01   0.16565671208865D+01   0.18092929470871D+01   0.20059665256589D+01   0.22688002734135D+01
 
  440.0000000   0.13217792330867D+01   0.13822876745785D+01   0.14591556289280D+01   0.15556698649552D+01   0.16769739570897D+01   0.18307117732346D+01   0.20284295900308D+01   0.22922866632821D+01
 
  440.0000000   0.13408682389410D+01   0.14021850523327D+01   0.14799956373010D+01   0.15775493359647D+01   0.16999702643671D+01   0.18548872628784D+01   0.20538356787287D+01   0.23189229842727D+01
 
  440.0000000   0.13633614564737D+01   0.14256601103849D+01   0.15046199853731D+01   0.16034494144813D+01   0.17272540771764D+01   0.18836517724984D+01   0.20841751635644D+01   0.23508875807399D+01
 
  440.0000000   0.18810530098848D+01   0.19444819190707D+01   0.20247545544977D+01   0.21250258259080D+01   0.22503656113695D+01   0.24083527632358D+01   0.26104703450648D+01   0.28786250515721D+01
 
  440.0000000   0.23820188765807D+01   0.24465103288997D+01   0.25279888257913D+01   0.26295388185696D+01   0.27561576535648D+01   0.29153217614617D+01   0.31183559599069D+01   0.33867699557983D+01
 
  440.0000000   0.23702900310846D+01   0.24356063068413D+01   0.25179944759753D+01   0.26204679728636D+01   0.27479324958983D+01   0.29077246795980D+01   0.31109449851115D+01   0.33785686308739D+01
 
  440.0000000   0.23533903094066D+01   0.24193000395976D+01   0.25023202214252D+01   0.26054062595920D+01   0.27333707664583D+01   0.28934009261858D+01   0.30963524079564D+01   0.33626346463335D+01
 
  440.0000000   0.23324423615531D+01   0.23987740035300D+01   0.24822188747443D+01   0.25856888003824D+01   0.27139022481207D+01   0.28738875631609D+01   0.30762357667509D+01   0.33407602801526D+01
 
  440.0000000   0.23081318613499D+01   0.23747509977993D+01   0.24584582486015D+01   0.25621355448637D+01   0.26904055602673D+01   0.28501276093896D+01   0.30516072212667D+01   0.33140311298293D+01
 
  440.0000000   0.22808637423615D+01   0.23476580906996D+01   0.24314932443458D+01   0.25352318607642D+01   0.26633984167871D+01   0.28226728643911D+01   0.30230548191710D+01   0.32830713270945D+01
 
  440.0000000   0.22508607378536D+01   0.23177293713928D+01   0.24015712991136D+01   0.25052400046131D+01   0.26331584853909D+01   0.27918155777975D+01   0.29908823775672D+01   0.32481870685589D+01
 
  440.0000000   0.22182235610039D+01   0.22850691998140D+01   0.23688006859940D+01   0.24722757926270D+01   0.25998098817471D+01   0.27576818004009D+01   0.29551990520837D+01   0.32094421114661D+01
 
  440.0000000   0.21829616896363D+01   0.22496852254130D+01   0.23331877441362D+01   0.24363452198277D+01   0.25633552883649D+01   0.27202600387623D+01   0.29159551384700D+01   0.31667130046314D+01
 
  440.0000000   0.21450147709864D+01   0.22115094853427D+01   0.22946551523204D+01   0.23973568682278D+01   0.25236814405731D+01   0.26794031606583D+01   0.28729513011738D+01   0.31197149812237D+01
 
  440.0000000   0.21042561616148D+01   0.21704002303174D+01   0.22530392124891D+01   0.23551192995094D+01   0.24805602933474D+01   0.26348319274938D+01   0.28258335143947D+01   0.30679752110295D+01
 
  440.0000000   0.20604626032133D+01   0.21261086809983D+01   0.22080504512678D+01   0.23092973634848D+01   0.24336027718606D+01   0.25860856798615D+01   0.27740358234307D+01   0.30107608659651D+01
 
  440.0000000   0.20132609576918D+01   0.20782256947355D+01   0.21592320610953D+01   0.22593731911843D+01   0.23822101407400D+01   0.25324546249330D+01   0.27166916759342D+01   0.29469759834087D+01
 
  440.0000000   0.19620490199523D+01   0.20261013228041D+01   0.21058899286854D+01   0.22045701629460D+01   0.23254748561125D+01   0.24728513707540D+01   0.26524924686466D+01   0.28750336071582D+01
 
  440.0000000   0.19059062279440D+01   0.19687389812203D+01   0.20469399609667D+01   0.21436625264642D+01   0.22619689278673D+01   0.24055937503120D+01   0.25794744160565D+01   0.27926411667004D+01
 
  440.0000000   0.18434477716067D+01   0.19046276355972D+01   0.19806872078863D+01   0.20747241989864D+01   0.21894868928698D+01   0.23281481234126D+01   0.24947302785563D+01   0.26964350366414D+01
 
  440.0000000   0.17725051518343D+01   0.18314063382037D+01   0.19044861650895D+01   0.19947729163478D+01   0.21046570338634D+01   0.22366909099158D+01   0.23939080359509D+01   0.25814223154322D+01
 
  440.0000000   0.16895857835931D+01   0.17452999198144D+01   0.18141748260932D+01   0.18991693277949D+01   0.20022696171425D+01   0.21253479596668D+01   0.22703815833811D+01   0.24401381331853D+01
 
  440.0000000   0.15889988719765D+01   0.16401962515827D+01   0.17031080286406D+01   0.17805652125930D+01   0.18741053190416D+01   0.19849011166487D+01   0.21138949440044D+01   0.22613306302096D+01
 
  440.0000000   0.14611968139938D+01   0.15058985768755D+01   0.15603174157876D+01   0.16269731234645D+01   0.17069102055161D+01   0.18006469879141D+01   0.19082514925263D+01   0.20274945858651D+01
 
  440.0000000   0.12888537143488D+01   0.13239861041660D+01   0.13661222267951D+01   0.14171444692698D+01   0.14775464698512D+01   0.15472770647172D+01   0.16257861116507D+01   0.17089151143051D+01
 
  440.0000000   0.10252863864932D+01   0.10449432617908D+01   0.10676873370046D+01   0.10943239105046D+01   0.11247166762739D+01   0.11583359903638D+01   0.11942913519293D+01   0.12282167171037D+01
 
  440.0000000   0.86185355339360D+00   0.87176282261314D+00   0.88240369895765D+00   0.89392229224348D+00   0.90584469155356D+00   0.91742330840270D+00   0.92766429607105D+00   0.93274004331417D+00
