 #  SCIATRAN 2.2 (DOM, spherical mode)
 #  Height resolved air mass factors for no2
 #  Spectral range:  440.000 -  440.000
 #  The number of spectral points:    1
 #  The number of altitude levels:  44
    10.000     9.800     9.600     9.400     9.200     9.000     8.800     8.600     8.400     8.200     8.000     7.800     7.600     7.400     7.200     7.000     6.800     6.600     6.400     6.200     6.000     5.800     5.600     5.400     5.200     5.000     4.800     4.600     4.400     4.200     4.000     3.800     3.600     3.400     3.200     3.000     2.800     2.600     2.400     2.200     2.000     1.800     1.600     1.400
 
  440.0000000   0.11074273197568D+01   0.11589507772091D+01   0.12253953276414D+01   0.13100968909167D+01   0.14185387261986D+01   0.15591774552358D+01   0.17453652192733D+01   0.19995173090970D+01
 
  440.0000000   0.11127531922794D+01   0.11645530078406D+01   0.12313317172316D+01   0.13164249756191D+01   0.14253196811939D+01   0.15664783861629D+01   0.17532619074944D+01   0.20080887488738D+01
 
  440.0000000   0.11231016955970D+01   0.11754334699479D+01   0.12428549183623D+01   0.13287002899031D+01   0.14384627264127D+01   0.15806151830605D+01   0.17685336221609D+01   0.20246386086313D+01
 
  440.0000000   0.11329353145645D+01   0.11857632180339D+01   0.12537831860675D+01   0.13403264979957D+01   0.14508906865073D+01   0.15939564947614D+01   0.17829110703284D+01   0.20401690831717D+01
 
  440.0000000   0.11424182623266D+01   0.11957166443720D+01   0.12643033523575D+01   0.13515054334140D+01   0.14628233387657D+01   0.16067435285917D+01   0.17966612022797D+01   0.20549785526848D+01
 
  440.0000000   0.11516800944207D+01   0.12054313144537D+01   0.12745628032563D+01   0.13623962806730D+01   0.14744339302905D+01   0.16191662914988D+01   0.18099941556916D+01   0.20693017162421D+01
 
  440.0000000   0.11608229342495D+01   0.12150156549187D+01   0.12846777013282D+01   0.13731244805999D+01   0.14858589473782D+01   0.16313744338872D+01   0.18230754186363D+01   0.20833234031762D+01
 
  440.0000000   0.11699288328550D+01   0.12245567482550D+01   0.12947412932742D+01   0.13837906671396D+01   0.14972078144971D+01   0.16434878569269D+01   0.18360375042218D+01   0.20971915099808D+01
 
  440.0000000   0.11790661430164D+01   0.12341270864463D+01   0.13048311378604D+01   0.13944784567586D+01   0.15085713366096D+01   0.16556059071658D+01   0.18489900081718D+01   0.21110280627725D+01
 
  440.0000000   0.11882940892105D+01   0.12437894422190D+01   0.13150143497747D+01   0.14052601454553D+01   0.15200279462166D+01   0.16678142963133D+01   0.18620273657095D+01   0.21249380410171D+01
 
  440.0000000   0.11976659207091D+01   0.12536002294018D+01   0.13253512135911D+01   0.14162006270675D+01   0.15316479846489D+01   0.16801898163628D+01   0.18752340906267D+01   0.21390152586641D+01
 
  440.0000000   0.12072333910093D+01   0.12636142791247D+01   0.13359003280615D+01   0.14273629864482D+01   0.15434998410750D+01   0.16928071466277D+01   0.18886924130949D+01   0.21533510611634D+01
 
  440.0000000   0.12170532918586D+01   0.12738917466170D+01   0.13467259654533D+01   0.14388163922721D+01   0.15556584677265D+01   0.17057480937355D+01   0.19024923677657D+01   0.21680454016871D+01
 
  440.0000000   0.12271957960005D+01   0.12845069312245D+01   0.13579074717629D+01   0.14506461808599D+01   0.15682162616081D+01   0.17191134044550D+01   0.19167447014512D+01   0.21832210302903D+01
 
  440.0000000   0.12377549127834D+01   0.12955593784034D+01   0.13695511643789D+01   0.14629667072149D+01   0.15812970532690D+01   0.17330381214750D+01   0.19315978990649D+01   0.21990425851757D+01
 
  440.0000000   0.12488640425163D+01   0.13071903705663D+01   0.13818079690548D+01   0.14759403425504D+01   0.15950767097775D+01   0.17477140899038D+01   0.19472629795788D+01   0.22157441536688D+01
 
  440.0000000   0.12607227952920D+01   0.13196113530769D+01   0.13949038150037D+01   0.14898102090732D+01   0.16098186341174D+01   0.17634287411860D+01   0.19640562416131D+01   0.22336768198463D+01
 
  440.0000000   0.12736423780607D+01   0.13331520107988D+01   0.14091910020177D+01   0.15049554468018D+01   0.16259336250611D+01   0.17806303887566D+01   0.19824710854519D+01   0.22533883404813D+01
 
  440.0000000   0.12881225304246D+01   0.13483417602844D+01   0.14252352690190D+01   0.15219848915121D+01   0.16440813396387D+01   0.18000389020927D+01   0.20032997439750D+01   0.22757581746286D+01
 
  440.0000000   0.13051598921349D+01   0.13662391278182D+01   0.14441713056962D+01   0.15421247882387D+01   0.16655980236216D+01   0.18231240263925D+01   0.20281770955266D+01   0.23026264932490D+01
 
  440.0000000   0.18179679921666D+01   0.18799372681920D+01   0.19589288423057D+01   0.20580844862803D+01   0.21828918721916D+01   0.23418727087859D+01   0.25484814784062D+01   0.28244459017672D+01
 
  440.0000000   0.23168854106215D+01   0.23794826068382D+01   0.24591819962407D+01   0.25590685452168D+01   0.26845704641693D+01   0.28441191543533D+01   0.30510160630291D+01   0.33265880791056D+01
 
  440.0000000   0.23053666603869D+01   0.23682630541018D+01   0.24482529158818D+01   0.25483475795690D+01   0.26738843674407D+01   0.28331528767331D+01   0.30392157944555D+01   0.33128467313448D+01
 
  440.0000000   0.22895914859636D+01   0.23525526616019D+01   0.24325435786925D+01   0.25325037659353D+01   0.26576710112632D+01   0.28161763536879D+01   0.30208149802383D+01   0.32917694286283D+01
 
  440.0000000   0.22704268368821D+01   0.23332713185380D+01   0.24130373094978D+01   0.25125982503289D+01   0.26370858179268D+01   0.27944576500487D+01   0.29972147924865D+01   0.32649136210907D+01
 
  440.0000000   0.22483993473061D+01   0.23109778734595D+01   0.23903324877621D+01   0.24892769122207D+01   0.26128308712346D+01   0.27687646685432D+01   0.29692598480146D+01   0.32332126498847D+01
 
  440.0000000   0.22238210761672D+01   0.22860026915024D+01   0.23647813695533D+01   0.24629180097299D+01   0.25853148641448D+01   0.27395413281322D+01   0.29374346231745D+01   0.31971951029401D+01
 
  440.0000000   0.21968666985251D+01   0.22585297229281D+01   0.23365789790995D+01   0.24337293587708D+01   0.25547596015386D+01   0.27070235950333D+01   0.29019876448767D+01   0.31571160657366D+01
 
  440.0000000   0.21676231554151D+01   0.22286490804731D+01   0.23058196551870D+01   0.24018090921874D+01   0.25212651530657D+01   0.26713094148858D+01   0.28630070633641D+01   0.31130395083072D+01
 
  440.0000000   0.21361200151076D+01   0.21963885397202D+01   0.22725287653816D+01   0.23671804786137D+01   0.24848503225171D+01   0.26324048508070D+01   0.28204672338058D+01   0.30648784428940D+01
 
  440.0000000   0.21023489146039D+01   0.21617337144148D+01   0.22366839978174D+01   0.23298120499350D+01   0.24454698303582D+01   0.25902389886054D+01   0.27742471006591D+01   0.30124236049361D+01
 
  440.0000000   0.20662709872041D+01   0.21246355476980D+01   0.21982226966172D+01   0.22896212714242D+01   0.24030118646371D+01   0.25446568768037D+01   0.27241279460274D+01   0.29553566517060D+01
 
  440.0000000   0.20278031241538D+01   0.20849944331011D+01   0.21570206365831D+01   0.22464515256656D+01   0.23572765024848D+01   0.24953988460652D+01   0.26697651315042D+01   0.28932027229425D+01
 
  440.0000000   0.19867996119200D+01   0.20426391978965D+01   0.21128663206199D+01   0.22000429218560D+01   0.23079439011331D+01   0.24420648581437D+01   0.26106431440598D+01   0.28252692278741D+01
 
  440.0000000   0.19430167532665D+01   0.19972919191032D+01   0.20654360258621D+01   0.21500097937500D+01   0.22545438522533D+01   0.23840682316552D+01   0.25460132835466D+01   0.27505759931009D+01
 
  440.0000000   0.18960652378479D+01   0.19485180117181D+01   0.20142465709164D+01   0.20957849691220D+01   0.21963805835165D+01   0.23205382313684D+01   0.24747894421769D+01   0.26677681778228D+01
 
  440.0000000   0.18453651169262D+01   0.18956690630241D+01   0.19585629541503D+01   0.20365018307308D+01   0.21324037767440D+01   0.22501908445201D+01   0.23954176941329D+01   0.25749724311250D+01
 
  440.0000000   0.17900336566538D+01   0.18377564860666D+01   0.18972414297779D+01   0.19708210125004D+01   0.20610331347832D+01   0.21711517085389D+01   0.23056680635910D+01   0.24695198265079D+01
 
  440.0000000   0.17286721845366D+01   0.17732277940665D+01   0.18285076276753D+01   0.18966920164667D+01   0.19798829850315D+01   0.20806329205580D+01   0.22022761519874D+01   0.23475866890787D+01
 
  440.0000000   0.16590292720500D+01   0.16996102150839D+01   0.17495903577025D+01   0.18109387821767D+01   0.18852656152837D+01   0.19743528459000D+01   0.20803469102150D+01   0.22036874422733D+01
 
  440.0000000   0.15773971319406D+01   0.16128695590645D+01   0.16560483800632D+01   0.17085700620087D+01   0.17714898000753D+01   0.18457968335075D+01   0.19324928181241D+01   0.20296356345488D+01
 
  440.0000000   0.14771412376935D+01   0.15058391793641D+01   0.15400839853163D+01   0.15809889419745D+01   0.16289665719294D+01   0.16841820771477D+01   0.17465460949319D+01   0.18119395352064D+01
 
  440.0000000   0.13399061131537D+01   0.13587716651289D+01   0.13802683220918D+01   0.14046953368341D+01   0.14316880671542D+01   0.14605254352695D+01   0.14900656319591D+01   0.15147838491821D+01
 
  440.0000000   0.12585344435797D+01   0.12714555601472D+01   0.12853032870398D+01   0.12998813903351D+01   0.13143952373651D+01   0.13276598636311D+01   0.13380142364309D+01   0.13395232128031D+01
