60.60 9.0000e-06
58.60 9.0000e-06
56.50 1.5000e-05
54.40 2.8000e-05
52.20 5.2000e-05
50.00 1.0340e-05
47.70 2.1150e-04
45.50 4.4240e-04
43.30 9.1800e-04
41.10 1.7930e-03
39.00 3.1200e-03
36.90 4.5620e-03
34.80 5.5540e-03
32.80 5.7670e-03
30.90 5.1500e-03
29.00 4.0140e-03
27.10 2.7200e-03
25.20 1.7090e-03
23.40 1.0170e-03
21.50 5.5400e-04
19.70 1.9260e-04
17.90 5.2600e-05
16.10 2.7100e-05
14.40 1.8000e-05
12.50 1.2190e-05
10.70 1.0000e-10
10.0 1.759e-12
9.9 1.912e-12
9.8 2.078e-12
9.7 2.258e-12
9.6 2.455e-12
9.5 2.668e-12
9.4 2.900e-12
9.3 3.152e-12
9.2 3.426e-12
9.1 3.723e-12
9.0 4.047e-12
8.9 4.399e-12
8.8 4.781e-12
8.7 5.196e-12
8.6 5.648e-12
8.5 6.139e-12
8.4 6.672e-12
8.3 7.252e-12
8.2 7.882e-12
8.1 8.567e-12
8.0 9.312e-12
7.9 1.012e-11
7.8 1.100e-11
7.7 1.196e-11
7.6 1.300e-11
7.5 1.413e-11
7.4 1.535e-11
7.3 1.669e-11
7.2 1.814e-11
7.1 1.971e-11
7.0 2.143e-11
6.9 2.329e-11
6.8 2.531e-11
6.7 2.751e-11
6.6 2.990e-11
6.5 3.250e-11
6.4 3.533e-11
6.3 3.840e-11
6.2 4.173e-11
6.1 4.536e-11
6.0 4.930e-11
5.9 5.359e-11
5.8 5.824e-11
5.7 6.330e-11
5.6 6.881e-11
5.5 7.479e-11
5.4 8.128e-11
5.3 8.835e-11
5.2 9.603e-11
5.1 1.044e-10
5.0 1.134e-10
4.9 1.233e-10
4.8 1.340e-10
4.7 1.457e-10
4.6 1.583e-10
4.5 1.721e-10
4.4 1.870e-10
4.3 2.033e-10
4.2 2.210e-10
4.1 2.402e-10
4.0 2.610e-10
3.9 2.837e-10
3.8 3.084e-10
3.7 3.352e-10
3.6 3.643e-10
3.5 3.959e-10
3.4 4.304e-10
3.3 4.678e-10
3.2 5.084e-10
3.1 5.526e-10
3.0 6.006e-10
2.9 6.528e-10
2.8 7.095e-10
2.7 7.712e-10
2.6 8.382e-10
2.5 9.111e-10
2.4 9.902e-10
2.3 1.076e-09
2.2 1.170e-09
2.1 1.272e-09
2.0 1.382e-09
1.9 1.502e-09
1.8 1.633e-09
1.7 1.775e-09
1.6 1.929e-09
1.5 2.096e-09
1.4 2.279e-09
1.3 2.477e-09
1.2 2.692e-09
1.1 2.926e-09
1.0 3.180e-09
0.9 3.456e-09
0.8 3.757e-09
0.7 4.083e-09
0.6 4.438e-09
0.5 4.824e-09
0.4 5.243e-09
0.3 5.698e-09
0.2 6.194e-09
0.1 6.732e-09
0.0 7.317e-09
