>
0 0.00
17.01 0.00
17.01 200.00
0 200.00
>
0 200.00
14.12 200.00
14.12 400.00
0 400.00
>
0 400.00
11.72 400.00
11.72 600.00
0 600.00
>
0 600.00
9.73 600.00
9.73 800.00
0 800.00
>
0 800.00
8.08 800.00
8.08 1000.00
0 1000.00
>
0 1000.00
6.71 1000.00
6.71 1200.00
0 1200.00
>
0 1200.00
5.56 1200.00
5.56 1400.00
0 1400.00
>
0 1400.00
4.62 1400.00
4.62 1600.00
0 1600.00
>
0 1600.00
3.83 1600.00
3.83 1800.00
0 1800.00
>
0 1800.00
3.18 1800.00
3.18 2000.00
0 2000.00
>
0 2000.00
2.64 2000.00
2.64 2200.00
0 2200.00
>
0 2200.00
2.19 2200.00
2.19 2400.00
0 2400.00
>
0 2400.00
1.81 2400.00
1.81 2600.00
0 2600.00
>
0 2600.00
1.51 2600.00
1.51 2800.00
0 2800.00
>
0 2800.00
1.25 2800.00
1.25 3000.00
0 3000.00
>
0 3000.00
1.04 3000.00
1.04 3200.00
0 3200.00
>
0 3200.00
0.86 3200.00
0.86 3400.00
0 3400.00
>
0 3400.00
0.71 3400.00
0.71 3600.00
0 3600.00
>
0 3600.00
0.59 3600.00
0.59 3800.00
0 3800.00
>
0 3800.00
0.49 3800.00
0.49 4000.00
0 4000.00
>
0 4000.00
0.41 4000.00
0.41 4200.00
0 4200.00
>
0 4200.00
0.34 4200.00
0.34 4400.00
0 4400.00
>
0 4400.00
0.28 4400.00
0.28 4600.00
0 4600.00
>
0 4600.00
0.23 4600.00
0.23 4800.00
0 4800.00
>
0 4800.00
0.19 4800.00
0.19 5000.00
0 5000.00
>
0 5000.00
0.16 5000.00
0.16 5200.00
0 5200.00
>
0 5200.00
0.13 5200.00
0.13 5400.00
0 5400.00
>
0 5400.00
0.11 5400.00
0.11 5600.00
0 5600.00
>
0 5600.00
0.09 5600.00
0.09 5800.00
0 5800.00
>
0 5800.00
0.07 5800.00
0.07 6000.00
0 6000.00
>
0 6000.00
0.06 6000.00
0.06 6200.00
0 6200.00
>
0 6200.00
0.05 6200.00
0.05 6400.00
0 6400.00
>
0 6400.00
0.04 6400.00
0.04 6600.00
0 6600.00
>
0 6600.00
0.03 6600.00
0.03 6800.00
0 6800.00
>
0 6800.00
0.03 6800.00
0.03 7000.00
0 7000.00
>
0 7000.00
0.02 7000.00
0.02 7200.00
0 7200.00
>
0 7200.00
0.02 7200.00
0.02 7400.00
0 7400.00
>
0 7400.00
0.02 7400.00
0.02 7600.00
0 7600.00
>
0 7600.00
0.01 7600.00
0.01 7800.00
0 7800.00
>
0 7800.00
0.01 7800.00
0.01 8000.00
0 8000.00
>
0 8000.00
0.01 8000.00
0.01 8200.00
0 8200.00
>
0 8200.00
0.01 8200.00
0.01 8400.00
0 8400.00
>
0 8400.00
0.01 8400.00
0.01 8600.00
0 8600.00
>
0 8600.00
0.01 8600.00
0.01 8800.00
0 8800.00
>
0 8800.00
0.00 8800.00
0.00 9000.00
0 9000.00
>
0 9000.00
0.00 9000.00
0.00 9200.00
0 9200.00
>
0 9200.00
0.00 9200.00
0.00 9400.00
0 9400.00
>
0 9400.00
0.00 9400.00
0.00 9600.00
0 9600.00
>
0 9600.00
0.00 9600.00
0.00 9800.00
0 9800.00
>
0 9800.00
0.00 9800.00
0.00 10000.00
0 10000.00
