 #  SCIATRAN 2.2 (DOM, spherical mode)
 #  Height resolved air mass factors for no2
 #  Spectral range:  440.000 -  440.000
 #  The number of spectral points:    1
 #  The number of altitude levels:  44
    10.000     9.800     9.600     9.400     9.200     9.000     8.800     8.600     8.400     8.200     8.000     7.800     7.600     7.400     7.200     7.000     6.800     6.600     6.400     6.200     6.000     5.800     5.600     5.400     5.200     5.000     4.800     4.600     4.400     4.200     4.000     3.800     3.600     3.400     3.200     3.000     2.800     2.600     2.400     2.200     2.000     1.800     1.600     1.400
 
  440.0000000   0.11069678799468D+01   0.11584221562843D+01   0.12247651826021D+01   0.13093327407906D+01   0.14175966733241D+01   0.15579946827091D+01   0.17438508807609D+01   0.19975096770998D+01
 
  440.0000000   0.11123818017412D+01   0.11641170618444D+01   0.12307996445536D+01   0.13157648805374D+01   0.14244881062572D+01   0.15654127844057D+01   0.17518714828904D+01   0.20062105938268D+01
 
  440.0000000   0.11229078248178D+01   0.11751843544338D+01   0.12425205328831D+01   0.13282499265583D+01   0.14378538356367D+01   0.15797858004427D+01   0.17673931210630D+01   0.20230218505740D+01
 
  440.0000000   0.11329228016153D+01   0.11857049464928D+01   0.12536506998560D+01   0.13400903112165D+01   0.14505092074117D+01   0.15933684213207D+01   0.17820260801569D+01   0.20388200430594D+01
 
  440.0000000   0.11425928498131D+01   0.11958552446502D+01   0.12643791430749D+01   0.13514901824631D+01   0.14626764491693D+01   0.16064044258843D+01   0.17960399940012D+01   0.20539063036090D+01
 
  440.0000000   0.11520493016722D+01   0.12057746872138D+01   0.12748552380377D+01   0.13626108391522D+01   0.14745310503362D+01   0.16190861904242D+01   0.18096474914767D+01   0.20685179062158D+01
 
  440.0000000   0.11613959903992D+01   0.12155734980373D+01   0.12851970367541D+01   0.13735797179590D+01   0.14862116136206D+01   0.16315656136404D+01   0.18230164467077D+01   0.20828421788720D+01
 
  440.0000000   0.11707166976093D+01   0.12253405814516D+01   0.12954997147849D+01   0.13844994985776D+01   0.14978297335817D+01   0.16439648972371D+01   0.18362818095676D+01   0.20970295731074D+01
 
  440.0000000   0.11800816558655D+01   0.12351504080294D+01   0.13058429260039D+01   0.13954560208374D+01   0.15094785760016D+01   0.16563858936769D+01   0.18495558337802D+01   0.21112049107479D+01
 
  440.0000000   0.11895522301833D+01   0.12450680035150D+01   0.13162961710474D+01   0.14065241124873D+01   0.15212392617134D+01   0.16689171706012D+01   0.18629359921833D+01   0.21254763848507D+01
 
  440.0000000   0.11991842025719D+01   0.12551524477067D+01   0.13269225583664D+01   0.14177716647514D+01   0.15331853165106D+01   0.16816389062933D+01   0.18765104066644D+01   0.21399416397452D+01
 
  440.0000000   0.12090324676805D+01   0.12654618787056D+01   0.13377841906749D+01   0.14292654834803D+01   0.15453890855543D+01   0.16946299912470D+01   0.18903658017166D+01   0.21546968055726D+01
 
  440.0000000   0.12191579587717D+01   0.12760608126178D+01   0.13489499620827D+01   0.14410796475437D+01   0.15579307446447D+01   0.17079777974807D+01   0.19045981585886D+01   0.21698481783124D+01
 
  440.0000000   0.12296366025508D+01   0.12870296083739D+01   0.13605056420013D+01   0.14533063198025D+01   0.15709099567807D+01   0.17217908184637D+01   0.19193265079852D+01   0.21855273540425D+01
 
  440.0000000   0.12405706965769D+01   0.12984765410710D+01   0.13725668031312D+01   0.14660696945084D+01   0.15844610300002D+01   0.17362152739306D+01   0.19347112941839D+01   0.22019117516510D+01
 
  440.0000000   0.12521059751459D+01   0.13105558850921D+01   0.13852981466897D+01   0.14795467903402D+01   0.15987754336967D+01   0.17514596590939D+01   0.19509813577865D+01   0.22192545111330D+01
 
  440.0000000   0.12644609968557D+01   0.13234990456952D+01   0.13989467655714D+01   0.14940032344176D+01   0.16141405459282D+01   0.17678369944587D+01   0.19684803902712D+01   0.22379360039630D+01
 
  440.0000000   0.12779769455645D+01   0.13376672833945D+01   0.14138984365456D+01   0.15098537619985D+01   0.16310050825302D+01   0.17858360593240D+01   0.19877451060658D+01   0.22585502900186D+01
 
  440.0000000   0.12932021931305D+01   0.13536412352368D+01   0.14307731933449D+01   0.15277649231824D+01   0.16500901583037D+01   0.18062422891051D+01   0.20096379008563D+01   0.22820518159279D+01
 
  440.0000000   0.13110739169413D+01   0.13724137432658D+01   0.14506318961792D+01   0.15488781439469D+01   0.16726321413914D+01   0.18304046384037D+01   0.20356434150756D+01   0.23100887857372D+01
 
  440.0000000   0.18248946210526D+01   0.18871653405055D+01   0.19664881525132D+01   0.20659800877349D+01   0.21911063096511D+01   0.23503636204955D+01   0.25571794820884D+01   0.28331396145844D+01
 
  440.0000000   0.23251013088393D+01   0.23880465224793D+01   0.24681252407924D+01   0.25683908156188D+01   0.26942442282291D+01   0.28540892478941D+01   0.30612021776852D+01   0.33367536439239D+01
 
  440.0000000   0.23150090458564D+01   0.23783070488717D+01   0.24587311116688D+01   0.25592556392028D+01   0.26851865813217D+01   0.28447838235828D+01   0.30510877150466D+01   0.33247050584568D+01
 
  440.0000000   0.23006981652459D+01   0.23641215664416D+01   0.24446130147937D+01   0.25450688488815D+01   0.26706926530065D+01   0.28295861706153D+01   0.30345289614068D+01   0.33055388277964D+01
 
  440.0000000   0.22829680371455D+01   0.23463392063676D+01   0.24266812506192D+01   0.25268139908794D+01   0.26518330334592D+01   0.28096705084077D+01   0.30128248774390D+01   0.32807053538875D+01
 
  440.0000000   0.22622940623392D+01   0.23254654687842D+01   0.24054782042790D+01   0.25050778958108D+01   0.26292476930915D+01   0.27857403505309D+01   0.29867556678383D+01   0.32510777627994D+01
 
  440.0000000   0.22389433158949D+01   0.23017845006607D+01   0.23813082342323D+01   0.24801902635714D+01   0.26032975906599D+01   0.27581943875097D+01   0.29567647681375D+01   0.32171518864724D+01
 
  440.0000000   0.22130474312751D+01   0.22754366385946D+01   0.23543217705813D+01   0.24523147779105D+01   0.25741631011169D+01   0.27272327355538D+01   0.29230739111660D+01   0.31791717623304D+01
 
  440.0000000   0.21846513385702D+01   0.22464699569618D+01   0.23245701795045D+01   0.24215073011870D+01   0.25419057449216D+01   0.26929230151422D+01   0.28857554859683D+01   0.31372091378671D+01
 
  440.0000000   0.21537506087005D+01   0.22148791324099D+01   0.22920457647585D+01   0.23877579162858D+01   0.25065131012594D+01   0.26552484347309D+01   0.28447833468467D+01   0.30912166330728D+01
 
  440.0000000   0.21203142002483D+01   0.21806297915733D+01   0.22567103109494D+01   0.23510221847033D+01   0.24679306057491D+01   0.26141383376245D+01   0.28000617395522D+01   0.30410565548002D+01
 
  440.0000000   0.20843039656070D+01   0.21436781817747D+01   0.22185139740476D+01   0.23112384147214D+01   0.24260768551005D+01   0.25694821813400D+01   0.27514400789381D+01   0.29865163095906D+01
 
  440.0000000   0.20456766041568D+01   0.21039715280029D+01   0.21773907828984D+01   0.22683210355958D+01   0.23808374621549D+01   0.25211235961381D+01   0.26987008310587D+01   0.29272797626535D+01
 
  440.0000000   0.20043694014928D+01   0.20614320605321D+01   0.21332421468012D+01   0.22221465219200D+01   0.23320539391233D+01   0.24688467118229D+01   0.26415264267228D+01   0.28628558549311D+01
 
  440.0000000   0.19602698232185D+01   0.20159232569454D+01   0.20858977516186D+01   0.21725053535468D+01   0.22794638614393D+01   0.24123043215640D+01   0.25794206968762D+01   0.27924980448080D+01
 
  440.0000000   0.19131689154033D+01   0.19671956901691D+01   0.20350438628760D+01   0.21190080047335D+01   0.22225834459151D+01   0.23508822663955D+01   0.25115716436390D+01   0.27150780869981D+01
 
  440.0000000   0.18626786726932D+01   0.19147975186375D+01   0.19801320146371D+01   0.20609868822377D+01   0.21605941330938D+01   0.22835589940354D+01   0.24366688017328D+01   0.26288503509115D+01
 
  440.0000000   0.18080647429705D+01   0.18579002058390D+01   0.19202186623923D+01   0.19973264439035D+01   0.20921337920854D+01   0.22086365722012D+01   0.23525758362416D+01   0.25310902492279D+01
 
  440.0000000   0.17480112019679D+01   0.17950337038274D+01   0.18536418368240D+01   0.19260768032979D+01   0.20148493463222D+01   0.21232392853582D+01   0.22557887361693D+01   0.24175235777014D+01
 
  440.0000000   0.16801822153931D+01   0.17235949925255D+01   0.17774255249608D+01   0.18437733123804D+01   0.19246562546967D+01   0.20225186242653D+01   0.21405471523305D+01   0.22812951029199D+01
 
  440.0000000   0.16002473468569D+01   0.16388068977549D+01   0.16861775313391D+01   0.17442113986485D+01   0.18143328511166D+01   0.18980528245716D+01   0.19971174775294D+01   0.21112890243350D+01
 
  440.0000000   0.14996134311500D+01   0.15313048596419D+01   0.15695581596659D+01   0.16157538343409D+01   0.16706032363601D+01   0.17346308841479D+01   0.18081936064574D+01   0.18882022790241D+01
 
  440.0000000   0.13535931882393D+01   0.13744394773626D+01   0.13985415321805D+01   0.14263937090829D+01   0.14577993252690D+01   0.14922114247434D+01   0.15286703511611D+01   0.15619687290854D+01
 
  440.0000000   0.12645054311099D+01   0.12785677891005D+01   0.12938921903595D+01   0.13103982085171D+01   0.13273721847964D+01   0.13436993308429D+01   0.13577721901587D+01   0.13636556146738D+01
