 #  SCIATRAN 2.2 (DOM, spherical mode)
 #  Height resolved air mass factors for no2
 #  Spectral range:  440.000 -  440.000
 #  The number of spectral points:    1
 #  The number of altitude levels:  44
    10.000     9.800     9.600     9.400     9.200     9.000     8.800     8.600     8.400     8.200     8.000     7.800     7.600     7.400     7.200     7.000     6.800     6.600     6.400     6.200     6.000     5.800     5.600     5.400     5.200     5.000     4.800     4.600     4.400     4.200     4.000     3.800     3.600     3.400     3.200     3.000     2.800     2.600     2.400     2.200     2.000     1.800     1.600     1.400
 
  440.0000000   0.11057304983452D+01   0.11569537550057D+01   0.12230113546349D+01   0.13069573786122D+01   0.14142640623110D+01   0.15536877409839D+01   0.17396041151334D+01   0.19941603443601D+01
 
  440.0000000   0.11105467725717D+01   0.11620263161497D+01   0.12284002061071D+01   0.13127271668018D+01   0.14204896326534D+01   0.15604594542865D+01   0.17470354473041D+01   0.20023831384682D+01
 
  440.0000000   0.11198937481464D+01   0.11718653700760D+01   0.12388461261456D+01   0.13239028033501D+01   0.14325366517574D+01   0.15735482234100D+01   0.17613789298571D+01   0.20182247921544D+01
 
  440.0000000   0.11287534306083D+01   0.11811815564367D+01   0.12487244828399D+01   0.13344549080372D+01   0.14438900887409D+01   0.15858551311479D+01   0.17748275582319D+01   0.20330226152273D+01
 
  440.0000000   0.11372759529941D+01   0.11901346898119D+01   0.12582071384594D+01   0.13445702526587D+01   0.14547551176166D+01   0.15976081654314D+01   0.17876379643391D+01   0.20470698658320D+01
 
  440.0000000   0.11455793492562D+01   0.11988503932382D+01   0.12674291975908D+01   0.13543956190962D+01   0.14652928736520D+01   0.16089862234362D+01   0.18000113696833D+01   0.20605963227913D+01
 
  440.0000000   0.11537561843896D+01   0.12074271704476D+01   0.12764965991108D+01   0.13640460831201D+01   0.14756296429218D+01   0.16201294552726D+01   0.18121053668486D+01   0.20737819060736D+01
 
  440.0000000   0.11618802652948D+01   0.12159435244108D+01   0.12854937104397D+01   0.13736132171676D+01   0.14858658388821D+01   0.16311492112593D+01   0.18240450726374D+01   0.20867693342341D+01
 
  440.0000000   0.11700123892935D+01   0.12244640629468D+01   0.12944898924674D+01   0.13831722019232D+01   0.14960837622275D+01   0.16421365823867D+01   0.18359326341562D+01   0.20996748420931D+01
 
  440.0000000   0.11782044102312D+01   0.12330438448525D+01   0.13035442005027D+01   0.13927869776606D+01   0.15063533174324D+01   0.16531688209150D+01   0.18478545262128D+01   0.21125966121122D+01
 
  440.0000000   0.11865019679428D+01   0.12417312976986D+01   0.13127085364009D+01   0.14025136826040D+01   0.15167358021185D+01   0.16643135667563D+01   0.18598863358147D+01   0.21256202808872D+01
 
  440.0000000   0.11949482838679D+01   0.12505722761266D+01   0.13220320364903D+01   0.14124054527706D+01   0.15272892236145D+01   0.16756348207628D+01   0.18720995896912D+01   0.21388269047177D+01
 
  440.0000000   0.12035895933934D+01   0.12596158117754D+01   0.13315672151575D+01   0.14225190398016D+01   0.15380754857606D+01   0.16872008182725D+01   0.18845704686583D+01   0.21523027020561D+01
 
  440.0000000   0.12124818873494D+01   0.12689212495270D+01   0.13413775936122D+01   0.14329230298296D+01   0.15491693123686D+01   0.16990938017464D+01   0.18973906233986D+01   0.21661511486534D+01
 
  440.0000000   0.12216990778159D+01   0.12785669349471D+01   0.13515470388686D+01   0.14437079827317D+01   0.15606693709566D+01   0.17114223705887D+01   0.19106810862675D+01   0.21805089063339D+01
 
  440.0000000   0.12313449515928D+01   0.12886629069582D+01   0.13621933739573D+01   0.14550011576110D+01   0.15727143534285D+01   0.17243392260285D+01   0.19246121023665D+01   0.21955682826520D+01
 
  440.0000000   0.12415738630735D+01   0.12993728639775D+01   0.13734919318945D+01   0.14669919938768D+01   0.15855107966298D+01   0.17380718670636D+01   0.19394374415283D+01   0.22116161193571D+01
 
  440.0000000   0.12526257616988D+01   0.13109513153105D+01   0.13857153499554D+01   0.14799751043587D+01   0.15993799460972D+01   0.17529741932342D+01   0.19555519338618D+01   0.22290987810153D+01
 
  440.0000000   0.12648855696328D+01   0.13238065545690D+01   0.13993010168060D+01   0.14944231353949D+01   0.16148371643330D+01   0.17696139298552D+01   0.19735889340322D+01   0.22487322290237D+01
 
  440.0000000   0.12789858426877D+01   0.13386095576197D+01   0.14149677336128D+01   0.15111128283825D+01   0.16327293789855D+01   0.17889240436106D+01   0.19945892732108D+01   0.22716930639149D+01
 
  440.0000000   0.17908454166006D+01   0.18511743978960D+01   0.19283858981821D+01   0.20255172984242D+01   0.21482562773194D+01   0.23057187466629D+01   0.25128095095382D+01   0.27913938392111D+01
 
  440.0000000   0.22944528042143D+01   0.23552700072174D+01   0.24330377018070D+01   0.25307481804026D+01   0.26540462557802D+01   0.28119839005510D+01   0.30193559165852D+01   0.32976920485980D+01
 
  440.0000000   0.22916407526842D+01   0.23527023282051D+01   0.24307085445843D+01   0.25285889558334D+01   0.26519144887046D+01   0.28096230566596D+01   0.30163160316630D+01   0.32930460456116D+01
 
  440.0000000   0.22861143683043D+01   0.23472620243124D+01   0.24253086891497D+01   0.25231180348842D+01   0.26461774248190D+01   0.28032943296144D+01   0.30088496680581D+01   0.32833872009457D+01
 
  440.0000000   0.22784154758371D+01   0.23395257226796D+01   0.24174582829221D+01   0.25150089578405D+01   0.26375741195352D+01   0.27938180109657D+01   0.29978799023937D+01   0.32697702649393D+01
 
  440.0000000   0.22688673398878D+01   0.23298378458117D+01   0.24075281600903D+01   0.25046652638159D+01   0.26265486100848D+01   0.27816887053741D+01   0.29839655820790D+01   0.32528368165908D+01
 
  440.0000000   0.22576476697287D+01   0.23183882344874D+01   0.23957232178284D+01   0.24923108926867D+01   0.26133489215958D+01   0.27671850225833D+01   0.29674246078055D+01   0.32329559308859D+01
 
  440.0000000   0.22448346104809D+01   0.23052610721603D+01   0.23821350393389D+01   0.24780475690256D+01   0.25980903762097D+01   0.27504399271030D+01   0.29484120984744D+01   0.32103110835780D+01
 
  440.0000000   0.22304349513317D+01   0.22904650163422D+01   0.23667749160284D+01   0.24618913430405D+01   0.25807961536644D+01   0.27314855621734D+01   0.29269690747394D+01   0.31849522818502D+01
 
  440.0000000   0.22144029749461D+01   0.22739532885142D+01   0.23495957145962D+01   0.24437959680219D+01   0.25614219341058D+01   0.27102795212335D+01   0.29030524326353D+01   0.31568331980650D+01
 
  440.0000000   0.21966542341550D+01   0.22556381924554D+01   0.23305072758673D+01   0.24236682738196D+01   0.25398705666704D+01   0.26867193242808D+01   0.28765525513489D+01   0.31258362052570D+01
 
  440.0000000   0.21770788651009D+01   0.22354045102106D+01   0.23093885060518D+01   0.24013795618205D+01   0.25160037903207D+01   0.26606553591492D+01   0.28473074416724D+01   0.30917853895476D+01
 
  440.0000000   0.21555537375351D+01   0.22131211650535D+01   0.22860965365748D+01   0.23767744848677D+01   0.24896529886824D+01   0.26319032988436D+01   0.28151108951043D+01   0.30544397224752D+01
 
  440.0000000   0.21319546870134D+01   0.21886543039858D+01   0.22604838108592D+01   0.23496889232973D+01   0.24606336374577D+01   0.26002518854535D+01   0.27797136527290D+01   0.30134881081133D+01
 
  440.0000000   0.21061785328085D+01   0.21618901090154D+01   0.22324252524076D+01   0.23199769527459D+01   0.24287663498953D+01   0.25654740677840D+01   0.27408261644731D+01   0.29685486085007D+01
 
  440.0000000   0.20781753124780D+01   0.21327645318516D+01   0.22018406589746D+01   0.22875282447557D+01   0.23938914825443D+01   0.25273373121351D+01   0.26981145695150D+01   0.29191298979636D+01
 
  440.0000000   0.20479710012183D+01   0.21012798919832D+01   0.21686949020347D+01   0.22522562067662D+01   0.23558500469494D+01   0.24855764206887D+01   0.26511509330537D+01   0.28645254885173D+01
 
  440.0000000   0.20156313286545D+01   0.20674564086921D+01   0.21329280408474D+01   0.22140145903853D+01   0.23143910587707D+01   0.24397797987524D+01   0.25992331811249D+01   0.28035015029858D+01
 
  440.0000000   0.19811192597908D+01   0.20311673905308D+01   0.20942633499654D+01   0.21723663623896D+01   0.22688844169270D+01   0.23890238468871D+01   0.25409110318824D+01   0.27336726954341D+01
 
  440.0000000   0.19439772954270D+01   0.19917858932647D+01   0.20518386942051D+01   0.21261292090979D+01   0.22177018187697D+01   0.23310413442899D+01   0.24729757894716D+01   0.26503830830724D+01
 
  440.0000000   0.19026222991890D+01   0.19473748201708D+01   0.20032456436124D+01   0.20722063344762D+01   0.21567790810089D+01   0.22604629027754D+01   0.23883558376091D+01   0.25442533181329D+01
 
  440.0000000   0.18522094168863D+01   0.18922816016727D+01   0.19417045628099D+01   0.20022362228841D+01   0.20756548488805D+01   0.21641995621236D+01   0.22708878213927D+01   0.23954763168800D+01
 
  440.0000000   0.17735640871490D+01   0.18050018147389D+01   0.18426729583542D+01   0.18875940209621D+01   0.19404334530247D+01   0.20018659049532D+01   0.20726307753682D+01   0.21479452020147D+01
 
  440.0000000   0.17233021106606D+01   0.17489925779753D+01   0.17789009743032D+01   0.18134774370263D+01   0.18527149717136D+01   0.18964168851592D+01   0.19441457674245D+01   0.19888411373885D+01
