 #  SCIATRAN 2.2 (DOM, spherical mode)
 #  Height resolved air mass factors for no2
 #  Spectral range:  440.000 -  440.000
 #  The number of spectral points:    1
 #  The number of altitude levels:  44
    10.000     9.800     9.600     9.400     9.200     9.000     8.800     8.600     8.400     8.200     8.000     7.800     7.600     7.400     7.200     7.000     6.800     6.600     6.400     6.200     6.000     5.800     5.600     5.400     5.200     5.000     4.800     4.600     4.400     4.200     4.000     3.800     3.600     3.400     3.200     3.000     2.800     2.600     2.400     2.200     2.000     1.800     1.600     1.400
 
  440.0000000   0.11054424466704D+01   0.11567130218111D+01   0.12227869045947D+01   0.13070294194371D+01   0.14148643915691D+01   0.15545839261884D+01   0.17391564894752D+01   0.19907304892405D+01
 
  440.0000000   0.11111297812275D+01   0.11626861525942D+01   0.12291042468865D+01   0.13137476924997D+01   0.14220427794748D+01   0.15622861991533D+01   0.17474534267772D+01   0.19996933622283D+01
 
  440.0000000   0.11221948806151D+01   0.11743021794364D+01   0.12413832951013D+01   0.13267977025358D+01   0.14359756851555D+01   0.15772217740611D+01   0.17635234377017D+01   0.20170264240931D+01
 
  440.0000000   0.11327370832455D+01   0.11853597718593D+01   0.12530601765620D+01   0.13391922032018D+01   0.14491884408860D+01   0.15913588769035D+01   0.17786993627343D+01   0.20333449371100D+01
 
  440.0000000   0.11429291323153D+01   0.11960420478394D+01   0.12643306726646D+01   0.13511421125911D+01   0.14619099032756D+01   0.16049476081853D+01   0.17932566406784D+01   0.20489550345202D+01
 
  440.0000000   0.11529077279781D+01   0.12064938800060D+01   0.12753496282545D+01   0.13628141791018D+01   0.14743209091648D+01   0.16181854724529D+01   0.18074126454388D+01   0.20640981188502D+01
 
  440.0000000   0.11627810320192D+01   0.12168298786015D+01   0.12862395228880D+01   0.13743402669208D+01   0.14865644220183D+01   0.16312285624375D+01   0.18213391313389D+01   0.20789648818512D+01
 
  440.0000000   0.11726364092439D+01   0.12271425813190D+01   0.12970992049327D+01   0.13858267368626D+01   0.14987556725754D+01   0.16442025878359D+01   0.18351743009708D+01   0.20937085989989D+01
 
  440.0000000   0.11825471824161D+01   0.12375095931317D+01   0.13080114977531D+01   0.13973626044722D+01   0.15109909622710D+01   0.16572124291044D+01   0.18490332316565D+01   0.21084565755356D+01
 
  440.0000000   0.11925774423539D+01   0.12479987030930D+01   0.13190486945668D+01   0.14090254929734D+01   0.15233541685735D+01   0.16703493115444D+01   0.18630158699327D+01   0.21233191734022D+01
 
  440.0000000   0.12027853807093D+01   0.12586714282534D+01   0.13302763596881D+01   0.14208857415888D+01   0.15359212165342D+01   0.16836957060548D+01   0.18772124429500D+01   0.21383958391174D+01
 
  440.0000000   0.12132280497656D+01   0.12695880774416D+01   0.13417587675583D+01   0.14330122985461D+01   0.15487665190238D+01   0.16973324331330D+01   0.18917113805960D+01   0.21537840585152D+01
 
  440.0000000   0.12239684354754D+01   0.12808152125360D+01   0.13535668329316D+01   0.14454811989066D+01   0.15619720867679D+01   0.17113485007932D+01   0.19066099952728D+01   0.21695910024096D+01
 
  440.0000000   0.12350845449939D+01   0.12924352354089D+01   0.13657883016203D+01   0.14583864596251D+01   0.15756392361036D+01   0.17258537492638D+01   0.19220282146782D+01   0.21859485118919D+01
 
  440.0000000   0.12466807929389D+01   0.13045584484913D+01   0.13785406361318D+01   0.14718539434403D+01   0.15899036066474D+01   0.17409952381662D+01   0.19381266221802D+01   0.22030331522648D+01
 
  440.0000000   0.12589050220803D+01   0.13173410559390D+01   0.13919902092747D+01   0.14860619522330D+01   0.16049573855713D+01   0.17569813790770D+01   0.19551328544651D+01   0.22210952990526D+01
 
  440.0000000   0.12719778632887D+01   0.13310162073248D+01   0.14063853976167D+01   0.15012767287909D+01   0.16210876193322D+01   0.17741235421034D+01   0.19733871309724D+01   0.22405093416024D+01
 
  440.0000000   0.12862426371052D+01   0.13459466792344D+01   0.14221124983114D+01   0.15179122824418D+01   0.16387407232318D+01   0.17929061270982D+01   0.19934189029181D+01   0.22618580467848D+01
 
  440.0000000   0.13022498430352D+01   0.13627141749670D+01   0.14397909549438D+01   0.15366324873236D+01   0.16586324888103D+01   0.18141057544703D+01   0.20160769370755D+01   0.22860755527323D+01
 
  440.0000000   0.13209031850579D+01   0.13822737535064D+01   0.14604383270426D+01   0.15585281372587D+01   0.16819388907710D+01   0.18389979570473D+01   0.20427549228747D+01   0.23146955469423D+01
 
  440.0000000   0.18360553092324D+01   0.18983820238932D+01   0.19776779736722D+01   0.20770370006923D+01   0.22018374856091D+01   0.23603907793747D+01   0.25657255168567D+01   0.28391717450587D+01
 
  440.0000000   0.23388028513917D+01   0.24018878699233D+01   0.24820408989887D+01   0.25822882318732D+01   0.27079458092374D+01   0.28672386575209D+01   0.30730599114362D+01   0.33463448712798D+01
 
  440.0000000   0.23320828207979D+01   0.23956522006040D+01   0.24763117032854D+01   0.25770060270537D+01   0.27029614307131D+01   0.28622723886983D+01   0.30676238134177D+01   0.33394215005275D+01
 
  440.0000000   0.23215092003449D+01   0.23853614868132D+01   0.24662813554670D+01   0.25671334176800D+01   0.26930485893742D+01   0.28519796857670D+01   0.30563844113980D+01   0.33261188799089D+01
 
  440.0000000   0.23078638312382D+01   0.23718445642592D+01   0.24528360211767D+01   0.25536248984693D+01   0.26792426688087D+01   0.28374919212660D+01   0.30405882757565D+01   0.33078229641648D+01
 
  440.0000000   0.22916180185387D+01   0.23556017317337D+01   0.24365113828687D+01   0.25370588347477D+01   0.26621730899494D+01   0.28194994558871D+01   0.30209988813002D+01   0.32853858844447D+01
 
  440.0000000   0.22730373122828D+01   0.23369156981664D+01   0.24176110868348D+01   0.25177648740737D+01   0.26422013392253D+01   0.27984022106390D+01   0.29980620748016D+01   0.32593092245380D+01
 
  440.0000000   0.22522473666966D+01   0.23159214387398D+01   0.23962815999944D+01   0.24959048081408D+01   0.26195088896578D+01   0.27744056848504D+01   0.29720109950001D+01   0.32298586722670D+01
 
  440.0000000   0.22292742217214D+01   0.22926491408820D+01   0.23725590772605D+01   0.24715236547777D+01   0.25941526206084D+01   0.27475808855167D+01   0.29429309314277D+01   0.31971347277987D+01
 
  440.0000000   0.22040712038358D+01   0.22670526907308D+01   0.23463996132745D+01   0.24445810040386D+01   0.25660969288172D+01   0.27178981803887D+01   0.29107987702866D+01   0.31611225990913D+01
 
  440.0000000   0.21765382055773D+01   0.22390296509423D+01   0.23176993127963D+01   0.24149714811411D+01   0.25352350930914D+01   0.26852501848631D+01   0.28755081935391D+01   0.31217198218870D+01
 
  440.0000000   0.21465366565648D+01   0.22084364141560D+01   0.22863087437061D+01   0.23825403733649D+01   0.25014076398008D+01   0.26494724223657D+01   0.28368879017219D+01   0.30787449280832D+01
 
  440.0000000   0.21138972833766D+01   0.21750961624862D+01   0.22520416422771D+01   0.23470923300535D+01   0.24644099527986D+01   0.26103484511191D+01   0.27947020525971D+01   0.30319284116724D+01
 
  440.0000000   0.20784271594164D+01   0.21388062244616D+01   0.22146845952032D+01   0.23083987700204D+01   0.24239925473247D+01   0.25676008968764D+01   0.27486364249050D+01   0.29808986261016D+01
 
  440.0000000   0.20399272638643D+01   0.20993541934548D+01   0.21740100390506D+01   0.22662071775681D+01   0.23798654482232D+01   0.25208884536301D+01   0.26982841299482D+01   0.29251505924947D+01
 
  440.0000000   0.19982066660485D+01   0.20565293642865D+01   0.21297840922746D+01   0.22202454653041D+01   0.23316975049090D+01   0.24697943153447D+01   0.26431088855290D+01   0.28639616139094D+01
 
  440.0000000   0.19530682748531D+01   0.20100997455202D+01   0.20817247874430D+01   0.21701656782351D+01   0.22790490175533D+01   0.24137433513835D+01   0.25823260397457D+01   0.27961975777415D+01
 
  440.0000000   0.19041884559741D+01   0.19596701854283D+01   0.20293168766713D+01   0.21153267954880D+01   0.22211319224916D+01   0.23517311907308D+01   0.25145560024974D+01   0.27198206234199D+01
 
  440.0000000   0.18507505722500D+01   0.19042822646491D+01   0.19713797682940D+01   0.20543036094190D+01   0.21562258917506D+01   0.22816147407253D+01   0.24369650473981D+01   0.26308544854036D+01
 
  440.0000000   0.17906169157466D+01   0.18415210832868D+01   0.19051371121315D+01   0.19838197632418D+01   0.20803661555403D+01   0.21984888107217D+01   0.23433682586353D+01   0.25212976842707D+01
 
  440.0000000   0.17184147206217D+01   0.17654033786076D+01   0.18238073119221D+01   0.18959705423780D+01   0.19841341579073D+01   0.20909897129208D+01   0.22200149509889D+01   0.23743839853085D+01
 
  440.0000000   0.16199717494789D+01   0.16603285120999D+01   0.17098732275206D+01   0.17706691821056D+01   0.18441573562433D+01   0.19317580094855D+01   0.20349916955626D+01   0.21530765920350D+01
 
  440.0000000   0.14441776470953D+01   0.14709646362089D+01   0.15027144182129D+01   0.15404783070058D+01   0.15845076200310D+01   0.16347303011527D+01   0.16907240505502D+01   0.17481198728673D+01
 
  440.0000000   0.13267502039414D+01   0.13442128981980D+01   0.13638444222633D+01   0.13859179928135D+01   0.14099635083902D+01   0.14351061126233D+01   0.14599897438660D+01   0.14788226592439D+01
