 #  SCIATRAN 2.2 (DOM, spherical mode)
 #  Height resolved air mass factors for no2
 #  Spectral range:  440.000 -  440.000
 #  The number of spectral points:    1
 #  The number of altitude levels:  51
    10.000     9.800     9.600     9.400     9.200     9.000     8.800     8.600     8.400     8.200     8.000     7.800     7.600     7.400     7.200     7.000     6.800     6.600     6.400     6.200     6.000     5.800     5.600     5.400     5.200     5.000     4.800     4.600     4.400     4.200     4.000     3.800     3.600     3.400     3.200     3.000     2.800     2.600     2.400     2.200     2.000     1.800     1.600     1.400     1.200     1.000     0.800     0.600     0.400     0.200     0.000
 
  440.0000000   0.10554335869577D+01   0.11032591903755D+01   0.11648985958304D+01   0.12440438994612D+01   0.13457354924657D+01   0.14771279350785D+01   0.16485704886442D+01   0.18802952670448D+01
 
  440.0000000   0.10602375691660D+01   0.11083073464780D+01   0.11702412621823D+01   0.12497322893859D+01   0.13518236472442D+01   0.14836733959852D+01   0.16556342870674D+01   0.18879471947700D+01
 
  440.0000000   0.10695732927186D+01   0.11181131847971D+01   0.11806136900428D+01   0.12607687030082D+01   0.13636262188986D+01   0.14963501435545D+01   0.16692985923354D+01   0.19027256650132D+01
 
  440.0000000   0.10784467173418D+01   0.11274252564279D+01   0.11904536002644D+01   0.12712250370422D+01   0.13747907544249D+01   0.15083184348709D+01   0.16821686624342D+01   0.19166009754688D+01
 
  440.0000000   0.10870051629091D+01   0.11363998241429D+01   0.11999281884181D+01   0.12812816489076D+01   0.13855133150965D+01   0.15197930052423D+01   0.16944814815023D+01   0.19298373570343D+01
 
  440.0000000   0.10953648237307D+01   0.11451601069293D+01   0.12091692594610D+01   0.12910806666790D+01   0.13959483305858D+01   0.15309428987455D+01   0.17064234964155D+01   0.19426425363406D+01
 
  440.0000000   0.11036172130305D+01   0.11538031386819D+01   0.12182805966498D+01   0.13007339812945D+01   0.14062173469960D+01   0.15419011307981D+01   0.17181413901660D+01   0.19551799100845D+01
 
  440.0000000   0.11118357607021D+01   0.11624067523891D+01   0.12273454155661D+01   0.13103312629531D+01   0.14164177084939D+01   0.15527741506478D+01   0.17297524568030D+01   0.19675800096358D+01
 
  440.0000000   0.11200815405915D+01   0.11710356375264D+01   0.12364328222607D+01   0.13199468968717D+01   0.14266300553249D+01   0.15636499960903D+01   0.17413535193522D+01   0.19799503217418D+01
 
  440.0000000   0.11284073565570D+01   0.11797456819069D+01   0.12456024494544D+01   0.13296449979330D+01   0.14369238195998D+01   0.15746043877619D+01   0.17530277549784D+01   0.19923830318462D+01
 
  440.0000000   0.11368605765845D+01   0.11885869715302D+01   0.12549076121472D+01   0.13394827940949D+01   0.14473609264306D+01   0.15857048374070D+01   0.17648492830256D+01   0.20049601762883D+01
 
  440.0000000   0.11454870235691D+01   0.11976079643504D+01   0.12643999225300D+01   0.13495156971924D+01   0.14580013253802D+01   0.15970166818289D+01   0.17768898294515D+01   0.20177611576755D+01
 
  440.0000000   0.11543367086355D+01   0.12068615724726D+01   0.12741358855281D+01   0.13598044265295D+01   0.14689106394464D+01   0.16086112804387D+01   0.17892275634470D+01   0.20308723609669D+01
 
  440.0000000   0.11634713012509D+01   0.12164130062635D+01   0.12841850742739D+01   0.13704236744063D+01   0.14801695176038D+01   0.16205762411199D+01   0.18019583268998D+01   0.20443995000156D+01
 
  440.0000000   0.11729733424682D+01   0.12263495247634D+01   0.12946404935263D+01   0.13814732410100D+01   0.14918857314693D+01   0.16330286931468D+01   0.18152103218149D+01   0.20584840270575D+01
 
  440.0000000   0.11829598659315D+01   0.12367948679201D+01   0.13056340500348D+01   0.13930946914593D+01   0.15042121765072D+01   0.16461348350605D+01   0.18291654930018D+01   0.20733267382569D+01
 
  440.0000000   0.11936059816107D+01   0.12479342087751D+01   0.13173631723123D+01   0.14054999488091D+01   0.15173777841116D+01   0.16601435797199D+01   0.18440964275094D+01   0.20892285998989D+01
 
  440.0000000   0.12051848516424D+01   0.12600564215308D+01   0.13301358674655D+01   0.14190196403122D+01   0.15317397194002D+01   0.16754432719374D+01   0.18604284289022D+01   0.21066592366348D+01
 
  440.0000000   0.12181355526593D+01   0.12736258306020D+01   0.13444472001403D+01   0.14341851575053D+01   0.15478719752101D+01   0.16926579433906D+01   0.18788448353249D+01   0.21263730824867D+01
 
  440.0000000   0.12331794218640D+01   0.12894052268694D+01   0.13611104279942D+01   0.14518693704713D+01   0.15667173025871D+01   0.17128124051460D+01   0.19004677104982D+01   0.21496087475290D+01
 
  440.0000000   0.17454263184453D+01   0.18024250270403D+01   0.18750460946400D+01   0.19668376757798D+01   0.20828221366625D+01   0.22301427757122D+01   0.24190878442277D+01   0.26694708846991D+01
 
  440.0000000   0.22477653000744D+01   0.23053713051772D+01   0.23786800160798D+01   0.24711831979166D+01   0.25878526546074D+01   0.27357609205245D+01   0.29250831012169D+01   0.31753057666805D+01
 
  440.0000000   0.22424809553604D+01   0.23004668149940D+01   0.23741726395297D+01   0.24670180479326D+01   0.25839011290056D+01   0.27317884439138D+01   0.29206864276287D+01   0.31696294432615D+01
 
  440.0000000   0.22340028840287D+01   0.22921997740917D+01   0.23660966429587D+01   0.24590403979469D+01   0.25758502151097D+01   0.27233777631087D+01   0.29114467464138D+01   0.31586167915957D+01
 
  440.0000000   0.22229186717922D+01   0.22811939934828D+01   0.23551202242691D+01   0.24479720325996D+01   0.25644859342444D+01   0.27113918366375D+01   0.28983196313608D+01   0.31433374604343D+01
 
  440.0000000   0.22095377615345D+01   0.22677792295068D+01   0.23415981953267D+01   0.24341987589315D+01   0.25502321282695D+01   0.26963009312742D+01   0.28818319624653D+01   0.31243894106453D+01
 
  440.0000000   0.21939505876290D+01   0.22520541670683D+01   0.23256396220759D+01   0.24178440085339D+01   0.25332315910669D+01   0.26782730825246D+01   0.28621837488760D+01   0.31020150020260D+01
 
  440.0000000   0.21760334749042D+01   0.22338923646758D+01   0.23071151026846D+01   0.23987784199786D+01   0.25133591282046D+01   0.26571918090861D+01   0.28392714502572D+01   0.30761314720304D+01
 
  440.0000000   0.21553886824438D+01   0.22128801004570D+01   0.22855920808976D+01   0.23765542503832D+01   0.24901566993026D+01   0.26325925222006D+01   0.28126236661892D+01   0.30462637352047D+01
 
  440.0000000   0.21311798174310D+01   0.21881473861884D+01   0.22601696187811D+01   0.23502433076607D+01   0.24626709360041D+01   0.26034930101760D+01   0.27812133669174D+01   0.30113356897143D+01
 
  440.0000000   0.20940514486052D+01   0.21502707566778D+01   0.22213256248602D+01   0.23101691844630D+01   0.24209996337939D+01   0.25596764161225D+01   0.27343953922431D+01   0.29599925024479D+01
 
  440.0000000   0.20587529569376D+01   0.21140993344098D+01   0.21839748006272D+01   0.22712846216779D+01   0.23800779467244D+01   0.25159497802418D+01   0.26866399697840D+01   0.29058668598063D+01
 
  440.0000000   0.20413057408898D+01   0.20960210880787D+01   0.21649414516211D+01   0.22509440165815D+01   0.23578847651193D+01   0.24910044035820D+01   0.26574309976674D+01   0.28694220493113D+01
 
  440.0000000   0.20193802068573D+01   0.20737934064875D+01   0.21421564880309D+01   0.22272824157780D+01   0.23328454978669D+01   0.24637829506851D+01   0.26267277765031D+01   0.28326781643286D+01
 
  440.0000000   0.19929129330255D+01   0.20470004163401D+01   0.21148296029535D+01   0.21990895948050D+01   0.23033187179846D+01   0.24322733010731D+01   0.25923287257103D+01   0.27936841863484D+01
 
  440.0000000   0.19688314359040D+01   0.20223601383455D+01   0.20894096332583D+01   0.21725529497369D+01   0.22752130587256D+01   0.24019976312944D+01   0.25590742970917D+01   0.27560457352492D+01
 
  440.0000000   0.19396026320881D+01   0.19923614787704D+01   0.20583860198881D+01   0.21401775409246D+01   0.22410459419827D+01   0.23654287744507D+01   0.25192330911746D+01   0.27114696387257D+01
 
  440.0000000   0.19053757995056D+01   0.19571618442378D+01   0.20219223284376D+01   0.21021209056255D+01   0.22009542825296D+01   0.23226699074715D+01   0.24728678402759D+01   0.26599528478839D+01
 
  440.0000000   0.18656161091071D+01   0.19161974277276D+01   0.19794161889909D+01   0.20577201543356D+01   0.21541835169044D+01   0.22728325661014D+01   0.24188989396249D+01   0.26001125205548D+01
 
  440.0000000   0.18195103829733D+01   0.18685757520356D+01   0.19298577801704D+01   0.20058067493459D+01   0.20993435827618D+01   0.22142052249699D+01   0.23551336289840D+01   0.25289677186042D+01
 
  440.0000000   0.17661668856775D+01   0.18131989639211D+01   0.18718347856407D+01   0.19445657280886D+01   0.20340744237891D+01   0.21436334319323D+01   0.22771947486975D+01   0.24401237860420D+01
 
  440.0000000   0.17020648787129D+01   0.17458239514098D+01   0.18000891259918D+01   0.18673497331058D+01   0.19498203521486D+01   0.20499215327389D+01   0.21702069547978D+01   0.23132217713467D+01
 
  440.0000000   0.16038822456916D+01   0.16400212472556D+01   0.16840568253045D+01   0.17378520908464D+01   0.18026268824507D+01   0.18793977124078D+01   0.19687449733839D+01   0.20683796423079D+01
 
  440.0000000   0.14386473377446D+01   0.14599456534120D+01   0.14844740356060D+01   0.15126461440398D+01   0.15442281151850D+01   0.15785959727127D+01   0.16145422921513D+01   0.16456733621497D+01
 
  440.0000000   0.12036920758719D+01   0.12134466145552D+01   0.12230343671274D+01   0.12318684514472D+01   0.12387674097620D+01   0.12421105252201D+01   0.12397503729287D+01   0.12247960008822D+01
 
  440.0000000   0.10540127952177D+01   0.10609401118643D+01   0.10669567580960D+01   0.10713024454946D+01   0.10725992210958D+01   0.10689949863139D+01   0.10580828808127D+01   0.10338279593802D+01
 
  440.0000000   0.10157798878193D+01   0.10214368060110D+01   0.10259249763482D+01   0.10284330433114D+01   0.10275515761650D+01   0.10214023958692D+01   0.10075626211409D+01   0.98044657975262D+00
 
  440.0000000   0.97075716906576D+00   0.97498290556955D+00   0.97777762659455D+00   0.97829765194728D+00   0.97513623253366D+00   0.96644078574848D+00   0.94984924379283D+00   0.92028597614920D+00
 
  440.0000000   0.91903615333731D+00   0.92165279277433D+00   0.92257021833259D+00   0.92092200116080D+00   0.91533296526758D+00   0.90402205314676D+00   0.88475742918703D+00   0.85304487852855D+00
 
  440.0000000   0.85814387686267D+00   0.85887550226993D+00   0.85761966119312D+00   0.85350659865451D+00   0.84522787243739D+00   0.83112588503249D+00   0.80917456535110D+00   0.77556149420493D+00
 
  440.0000000   0.82490655407781D+00   0.82460821422695D+00   0.82217092328642D+00   0.81673011344118D+00   0.80702092662600D+00   0.79146195252091D+00   0.76815050885237D+00   0.73364540664152D+00
