60.60 9.0000e-06
58.60 9.0000e-06
56.50 1.5000e-05
54.40 2.8000e-05
52.20 5.2000e-05
50.00 1.0340e-05
47.70 2.1150e-04
45.50 4.4240e-04
43.30 9.1800e-04
41.10 1.7930e-03
39.00 3.1200e-03
36.90 4.5620e-03
34.80 5.5540e-03
32.80 5.7670e-03
30.90 5.1500e-03
29.00 4.0140e-03
27.10 2.7200e-03
25.20 1.7090e-03
23.40 1.0170e-03
21.50 5.5400e-04
19.70 1.9260e-04
17.90 5.2600e-05
16.10 2.7100e-05
14.40 1.8000e-05
12.50 1.2190e-05
10.70 1.0000e-10
10.0 9.47637e-27
9.9 1.56239e-26
9.8 2.57594e-26
9.7 4.24701e-26
9.6 7.00214e-26
9.5 1.15446e-25
9.4 1.90338e-25
9.3 3.13814e-25
9.2 5.17392e-25
9.1 8.53036e-25
9.0 1.40642e-24
8.9 2.31879e-24
8.8 3.82304e-24
8.7 6.30313e-24
8.6 1.03921e-23
8.5 1.71337e-23
8.4 2.82487e-23
8.3 4.65742e-23
8.2 7.67878e-23
8.1 1.26602e-22
8.0 2.08731e-22
7.9 3.44139e-22
7.8 5.67389e-22
7.7 9.35467e-22
7.6 1.54232e-21
7.5 2.54286e-21
7.4 4.19247e-21
7.3 6.91222e-21
7.2 1.13963e-20
7.1 1.87894e-20
7.0 3.09784e-20
6.9 5.10748e-20
6.8 8.42081e-20
6.7 1.38836e-19
6.6 2.28901e-19
6.5 3.77394e-19
6.4 6.22218e-19
6.3 1.02586e-18
6.2 1.69136e-18
6.1 2.78859e-18
6.0 4.59760e-18
5.9 7.58017e-18
5.8 1.24976e-17
5.7 2.06050e-17
5.6 3.39720e-17
5.5 5.60103e-17
5.4 9.23454e-17
5.3 1.52252e-16
5.2 2.51021e-16
5.1 4.13863e-16
5.0 6.82345e-16
4.9 1.12500e-15
4.8 1.85481e-15
4.7 3.05806e-15
4.6 5.04189e-15
4.5 8.31266e-15
4.4 1.37053e-14
4.3 2.25962e-14
4.2 3.72548e-14
4.1 6.14227e-14
4.0 1.01269e-13
3.9 1.66964e-13
3.8 1.36958e-09
3.7 1.36975e-09
3.6 1.37005e-09
3.5 1.23371e-12
3.4 2.03404e-12
3.3 3.35357e-12
3.2 5.52910e-12
3.1 9.11594e-12
3.0 1.50296e-11
2.9 2.47797e-11
2.8 4.08548e-11
2.7 6.73582e-11
2.6 1.11055e-10
2.5 1.83099e-10
2.4 3.01879e-10
2.3 4.97714e-10
2.2 8.20591e-10
2.1 1.35293e-09
2.0 2.23060e-09
1.9 3.67763e-09
1.8 6.06339e-09
1.7 9.99685e-09
1.6 1.64820e-08
1.5 2.71742e-08
1.4 4.48028e-08
