60.60 9.0000e-06
58.60 9.0000e-06
56.50 1.5000e-05
54.40 2.8000e-05
52.20 5.2000e-05
50.00 1.0340e-05
47.70 2.1150e-04
45.50 4.4240e-04
43.30 9.1800e-04
41.10 1.7930e-03
39.00 3.1200e-03
36.90 4.5620e-03
34.80 5.5540e-03
32.80 5.7670e-03
30.90 5.1500e-03
29.00 4.0140e-03
27.10 2.7200e-03
25.20 1.7090e-03
23.40 1.0170e-03
21.50 5.5400e-04
19.70 1.9260e-04
17.90 5.2600e-05
16.10 2.7100e-05
14.40 1.8000e-05
12.50 1.2190e-05
10.70 1.0000e-10
10.0 1.58062e-11
9.9 1.69765e-11
9.8 1.82334e-11
9.7 1.95835e-11
9.6 2.10335e-11
9.5 2.25908e-11
9.4 2.42635e-11
9.3 2.60600e-11
9.2 2.79895e-11
9.1 3.00619e-11
9.0 3.22877e-11
8.9 3.46783e-11
8.8 3.72459e-11
8.7 4.00037e-11
8.6 4.29656e-11
8.5 4.61468e-11
8.4 4.95636e-11
8.3 5.32334e-11
8.2 5.71749e-11
8.1 6.14082e-11
8.0 6.59549e-11
7.9 7.08383e-11
7.8 7.60833e-11
7.7 8.17166e-11
7.6 8.77670e-11
7.5 9.42654e-11
7.4 1.01245e-10
7.3 1.08741e-10
7.2 1.16793e-10
7.1 1.25440e-10
7.0 1.34728e-10
6.9 1.44703e-10
6.8 1.55417e-10
6.7 1.66925e-10
6.6 1.79284e-10
6.5 1.92559e-10
6.4 2.06816e-10
6.3 2.22129e-10
6.2 2.38575e-10
6.1 2.56240e-10
6.0 2.75212e-10
5.9 2.95589e-10
5.8 3.17475e-10
5.7 3.40982e-10
5.6 3.66228e-10
5.5 3.93344e-10
5.4 4.22468e-10
5.3 4.53748e-10
5.2 4.87345e-10
5.1 5.23428e-10
5.0 5.62184e-10
4.9 6.03809e-10
4.8 6.48515e-10
4.7 6.96532e-10
4.6 7.48105e-10
4.5 8.03495e-10
4.4 8.62987e-10
4.3 9.26884e-10
4.2 9.95512e-10
4.1 1.06922e-09
4.0 1.14839e-09
3.9 1.23342e-09
3.8 2.69404e-09
3.7 2.79213e-09
3.6 2.89747e-09
3.5 1.64132e-09
3.4 1.76285e-09
3.3 1.89337e-09
3.2 2.03356e-09
3.1 2.18413e-09
3.0 2.34584e-09
2.9 2.51953e-09
2.8 2.70608e-09
2.7 2.90644e-09
2.6 3.12164e-09
2.5 3.35277e-09
2.4 3.60102e-09
2.3 3.86764e-09
2.2 4.15401e-09
2.1 4.46158e-09
2.0 4.79192e-09
1.9 5.14672e-09
1.8 5.52779e-09
1.7 5.93707e-09
1.6 6.37666e-09
1.5 6.84880e-09
1.4 7.35589e-09
