>
0 1400.00
29.78 1400.00
29.78 1600.00
0 1600.00
>
0 1600.00
20.91 1600.00
20.91 1800.00
0 1800.00
>
0 1800.00
14.69 1800.00
14.69 2000.00
0 2000.00
>
0 2000.00
10.32 2000.00
10.32 2200.00
0 2200.00
>
0 2200.00
7.24 2200.00
7.24 2400.00
0 2400.00
>
0 2400.00
5.09 2400.00
5.09 2600.00
0 2600.00
>
0 2600.00
3.57 2600.00
3.57 2800.00
0 2800.00
>
0 2800.00
2.51 2800.00
2.51 3000.00
0 3000.00
>
0 3000.00
1.76 3000.00
1.76 3200.00
0 3200.00
>
0 3200.00
1.23 3200.00
1.23 3400.00
0 3400.00
>
0 3400.00
0.87 3400.00
0.87 3600.00
0 3600.00
>
0 3600.00
1.09 3600.00
1.09 3800.00
0 3800.00
>
0 3800.00
0.43 3800.00
0.43 4000.00
0 4000.00
>
0 4000.00
0.30 4000.00
0.30 4200.00
0 4200.00
>
0 4200.00
0.21 4200.00
0.21 4400.00
0 4400.00
>
0 4400.00
0.15 4400.00
0.15 4600.00
0 4600.00
>
0 4600.00
0.10 4600.00
0.10 4800.00
0 4800.00
>
0 4800.00
0.07 4800.00
0.07 5000.00
0 5000.00
>
0 5000.00
0.05 5000.00
0.05 5200.00
0 5200.00
>
0 5200.00
0.04 5200.00
0.04 5400.00
0 5400.00
>
0 5400.00
0.02 5400.00
0.02 5600.00
0 5600.00
>
0 5600.00
0.02 5600.00
0.02 5800.00
0 5800.00
>
0 5800.00
0.01 5800.00
0.01 6000.00
0 6000.00
>
0 6000.00
0.01 6000.00
0.01 6200.00
0 6200.00
>
0 6200.00
0.01 6200.00
0.01 6400.00
0 6400.00
>
0 6400.00
0.00 6400.00
0.00 6600.00
0 6600.00
>
0 6600.00
0.00 6600.00
0.00 6800.00
0 6800.00
>
0 6800.00
0.00 6800.00
0.00 7000.00
0 7000.00
>
0 7000.00
0.00 7000.00
0.00 7200.00
0 7200.00
>
0 7200.00
0.00 7200.00
0.00 7400.00
0 7400.00
>
0 7400.00
0.00 7400.00
0.00 7600.00
0 7600.00
>
0 7600.00
0.00 7600.00
0.00 7800.00
0 7800.00
>
0 7800.00
0.00 7800.00
0.00 8000.00
0 8000.00
>
0 8000.00
0.00 8000.00
0.00 8200.00
0 8200.00
>
0 8200.00
0.00 8200.00
0.00 8400.00
0 8400.00
>
0 8400.00
0.00 8400.00
0.00 8600.00
0 8600.00
>
0 8600.00
0.00 8600.00
0.00 8800.00
0 8800.00
>
0 8800.00
0.00 8800.00
0.00 9000.00
0 9000.00
>
0 9000.00
0.00 9000.00
0.00 9200.00
0 9200.00
>
0 9200.00
0.00 9200.00
0.00 9400.00
0 9400.00
>
0 9400.00
0.00 9400.00
0.00 9600.00
0 9600.00
>
0 9600.00
0.00 9600.00
0.00 9800.00
0 9800.00
>
0 9800.00
0.00 9800.00
0.00 10000.00
0 10000.00
